[0001]
TREE
	SubNetworkPool[0001]
	TREE
		SubNetwork[0005]
		0
			Type[000b]
			Clip
			ConstantHeaderCount[001b]
			1
			VariableHeaderCount[001b]
			0
			ConstantDataNodeCount[001b]
			1
			VariableDataNodeCount[001b]
			0
			ProcessorNodeCount[001b]
			0
			ConstantAccumulatedSize32[0001]
			TREE
				1[011a]
				[1, 10252, 1, 4, 12, 1]
			ConstantAccumulatedSize64[0001]
			TREE
				1[011a]
				[1, 10252, 1, 8, 16, 1]
			BasisCount[001b]
			0
			BasisConversionCount[001b]
			0
			ComponentFamilyCount[001b]
			0
			ComponentMemberCount[001b]
			0
			VariantGroupCount[001b]
			0
			VariantMemberCount[001b]
			0
			LayerBindCount[001b]
			1
			LayerBindAdditionalSize[001b]
			4
			BaseDataNodeLinksCount[001b]
			0
			BasisPool[0001]
			TREE
				Basis[0005]
				0
					Type[000b]
					Geometry3d
					Behavior[000b]
					Root
				Basis[0005]
				1
					Type[000b]
					Visibility
					Behavior[000b]
					Root
			HeaderStrings[000a]
			['ClipData-pan_bm_landhuge']
			HeaderStringIndices[001a]
			[0]
			HeaderLayout[001a]
			[0, 1]
			ConstantLayoutCount[001b]
			2
			DataNodePool[0001]
			TREE
				DataNode[0005]
				0
					Header[001b]
					1
					Type[000b]
					ClipData
					Static[001b]
					1
					External[001b]
					1
					ClipDataBlock[0063]
					[0, 0, 0, 0, 120, 119, 119, 63, 1, 0, 26, 0, 112, 39, 0, 0, 124, 0, 0, 0, 128, 4, 0, 0, 252, 5, 0, 0, 128, 11, 0, 0, 8, 12, 0, 0, 24, 13, 0, 0, 112, 13, 0, 0, 208, 21, 0, 0, 72, 22, 0, 0, 140, 22, 0, 0, 12, 23, 0, 0, 140, 23, 0, 0, 24, 24, 0, 0, 72, 25, 0, 0, 180, 25, 0, 0, 20, 31, 0, 0, 160, 31, 0, 0, 92, 32, 0, 0, 212, 32, 0, 0, 96, 33, 0, 0, 224, 33, 0, 0, 120, 34, 0, 0, 184, 35, 0, 0, 56, 36, 0, 0, 176, 36, 0, 0, 188, 37, 0, 0, 72, 38, 0, 0, 118, 0, 26, 0, 0, 0, 1, 0, 2, 0, 3, 0, 4, 0, 5, 0, 6, 0, 7, 0, 8, 0, 9, 0, 10, 0, 11, 0, 12, 0, 13, 0, 14, 0, 15, 0, 16, 0, 17, 0, 18, 0, 19, 0, 20, 0, 21, 0, 22, 0, 23, 0, 24, 0, 25, 0, 64, 2, 48, 0, 41, 131, 48, 131, 124, 129, 143, 129, 90, 128, 182, 128, 186, 128, 18, 33, 20, 33, 241, 33, 12, 34, 33, 66, 51, 66, 71, 98, 73, 98, 174, 130, 234, 34, 238, 34, 242, 34, 243, 34, 252, 66, 254, 98, 255, 130, 37, 35, 40, 35, 44, 35, 47, 35, 114, 33, 115, 33, 117, 33, 118, 33, 122, 33, 134, 33, 137, 33, 141, 33, 142, 33, 227, 33, 229, 33, 230, 33, 231, 33, 232, 33, 233, 33, 254, 33, 0, 34, 1, 34, 2, 34, 3, 34, 4, 34, 17, 0, 0, 0, 18, 0, 1, 0, 19, 0, 2, 0, 149, 16, 9, 0, 10, 0, 11, 0, 17, 0, 3, 0, 18, 0, 4, 0, 19, 0, 13, 0, 149, 16, 14, 0, 15, 0, 16, 0, 17, 0, 40, 0, 18, 0, 41, 0, 19, 0, 42, 0, 132, 16, 0, 0, 43, 0, 0, 0, 17, 0, 49, 0, 18, 0, 50, 0, 19, 0, 51, 0, 149, 16, 52, 0, 53, 0, 54, 0, 17, 0, 21, 0, 18, 0, 73, 0, 19, 0, 74, 0, 144, 16, 22, 0, 0, 0, 0, 0, 17, 0, 75, 0, 18, 0, 76, 0, 19, 0, 77, 0, 149, 16, 78, 0, 79, 0, 80, 0, 17, 0, 83, 0, 18, 0, 56, 0, 19, 0, 57, 0, 149, 16, 84, 0, 81, 0, 85, 0, 149, 16, 98, 0, 99, 0, 100, 0, 149, 16, 86, 0, 87, 0, 88, 0, 149, 16, 101, 0, 102, 0, 103, 0, 149, 16, 89, 0, 90, 0, 91, 0, 19, 0, 106, 0, 149, 16, 109, 0, 107, 0, 108, 0, 18, 0, 60, 0, 149, 16, 61, 0, 62, 0, 63, 0, 17, 0, 64, 0, 18, 0, 65, 0, 19, 0, 66, 0, 17, 0, 67, 0, 18, 0, 68, 0, 19, 0, 69, 0, 17, 0, 5, 0, 18, 0, 30, 0, 19, 0, 31, 0, 149, 16, 110, 0, 70, 0, 71, 0, 149, 16, 111, 0, 112, 0, 113, 0, 149, 16, 92, 0, 93, 0, 94, 0, 144, 16, 114, 0, 0, 0, 0, 0, 144, 16, 32, 0, 0, 0, 0, 0, 18, 0, 72, 0, 149, 16, 33, 0, 34, 0, 35, 0, 18, 0, 6, 0, 19, 0, 7, 0, 149, 16, 115, 0, 116, 0, 117, 0, 17, 0, 8, 0, 18, 0, 36, 0, 19, 0, 37, 0, 149, 16, 95, 0, 96, 0, 97, 0, 26, 0, 12, 0, 26, 0, 38, 0, 26, 0, 17, 0, 26, 0, 39, 0, 26, 0, 48, 0, 26, 0, 44, 0, 26, 0, 45, 0, 26, 0, 46, 0, 26, 0, 47, 0, 26, 0, 55, 0, 26, 0, 18, 0, 26, 0, 19, 0, 26, 0, 20, 0, 26, 0, 23, 0, 26, 0, 104, 0, 26, 0, 24, 0, 26, 0, 25, 0, 26, 0, 105, 0, 26, 0, 26, 0, 26, 0, 82, 0, 26, 0, 27, 0, 26, 0, 58, 0, 26, 0, 28, 0, 26, 0, 29, 0, 26, 0, 59, 0, 49, 0, 149, 65, 150, 65, 63, 66, 5, 67, 36, 64, 38, 32, 39, 32, 92, 64, 155, 64, 159, 64, 253, 64, 18, 33, 20, 33, 144, 65, 146, 65, 241, 33, 12, 34, 33, 66, 51, 66, 53, 98, 68, 66, 84, 98, 85, 98, 88, 98, 89, 98, 92, 98, 93, 98, 94, 98, 95, 98, 152, 66, 153, 66, 234, 34, 238, 34, 252, 66, 254, 34, 3, 67, 4, 67, 63, 35, 64, 35, 89, 67, 90, 67, 38, 35, 39, 35, 45, 35, 46, 35, 123, 33, 133, 33, 136, 33, 251, 34, 0, 0, 1, 0, 4, 0, 4, 0, 0, 0, 1, 0, 4, 0, 4, 0, 0, 0, 1, 0, 4, 0, 4, 0, 0, 0, 1, 0, 4, 0, 4, 0, 0, 0, 1, 0, 4, 0, 4, 0, 0, 0, 1, 0, 0, 0, 1, 0, 0, 0, 1, 0, 4, 0, 4, 0, 0, 0, 1, 0, 4, 0, 4, 0, 0, 0, 1, 0, 4, 0, 4, 0, 0, 0, 1, 0, 4, 0, 4, 0, 0, 0, 1, 0, 0, 0, 1, 0, 0, 0, 1, 0, 4, 0, 8, 0, 0, 0, 1, 0, 4, 0, 8, 0, 0, 0, 1, 0, 0, 0, 1, 0, 1, 0, 0, 0, 2, 0, 0, 0, 1, 0, 0, 0, 3, 0, 0, 0, 0, 0, 1, 0, 4, 0, 4, 0, 5, 0, 12, 0, 0, 0, 1, 0, 4, 0, 4, 0, 0, 0, 1, 0, 4, 0, 4, 0, 5, 0, 15, 0, 0, 0, 1, 0, 4, 0, 4, 0, 5, 0, 18, 0, 0, 0, 1, 0, 4, 0, 4, 0, 5, 0, 21, 0, 0, 0, 1, 0, 4, 0, 4, 0, 5, 0, 24, 0, 0, 0, 1, 0, 4, 0, 4, 0, 5, 0, 27, 0, 0, 0, 1, 0, 4, 0, 4, 0, 5, 0, 30, 0, 0, 0, 1, 0, 4, 0, 4, 0, 5, 0, 33, 0, 0, 0, 1, 0, 4, 0, 4, 0, 5, 0, 36, 0, 0, 0, 1, 0, 4, 0, 4, 0, 0, 0, 1, 0, 4, 0, 4, 0, 0, 0, 1, 0, 0, 0, 1, 0, 1, 0, 0, 0, 3, 0, 0, 0, 1, 0, 0, 0, 0, 0, 1, 0, 4, 0, 4, 0, 0, 0, 1, 0, 4, 0, 4, 0, 0, 0, 1, 0, 0, 0, 1, 0, 0, 0, 1, 0, 4, 0, 4, 0, 0, 0, 1, 0, 4, 0, 4, 0, 10, 0, 0, 0, 10, 0, 0, 0, 10, 0, 0, 0, 10, 0, 0, 0, 10, 0, 0, 0, 10, 0, 0, 0, 10, 0, 0, 0, 10, 0, 0, 0, 0, 36, 48, 0, 0, 0, 0, 0, 120, 119, 119, 63, 0, 0, 0, 0, 254, 110, 186, 186, 85, 66, 54, 186, 40, 211, 190, 50, 0, 0, 0, 0, 179, 226, 2, 188, 31, 81, 126, 187, 228, 157, 6, 52, 0, 0, 0, 0, 28, 13, 131, 58, 110, 84, 0, 58, 59, 215, 141, 50, 0, 0, 0, 0, 0, 0, 0, 0, 108, 171, 145, 59, 18, 248, 76, 52, 0, 0, 0, 0, 0, 0, 0, 0, 212, 65, 125, 187, 207, 67, 253, 51, 0, 0, 0, 0, 46, 83, 19, 60, 117, 19, 144, 59, 243, 7, 161, 52, 0, 0, 0, 0, 193, 107, 97, 187, 241, 86, 28, 187, 228, 188, 46, 52, 0, 0, 0, 0, 67, 179, 107, 186, 4, 120, 35, 186, 189, 180, 54, 51, 0, 0, 0, 0, 54, 114, 208, 185, 179, 116, 138, 59, 145, 50, 89, 52, 0, 0, 96, 185, 87, 238, 65, 122, 0, 0, 153, 5, 0, 0, 232, 120, 0, 0, 22, 7, 0, 0, 50, 140, 0, 0, 23, 251, 0, 0, 26, 82, 0, 0, 221, 8, 0, 0, 110, 135, 0, 0, 148, 248, 0, 0, 190, 198, 0, 0, 68, 249, 0, 0, 66, 57, 0, 0, 188, 6, 0, 0, 66, 57, 0, 0, 188, 6, 0, 0, 138, 80, 0, 0, 187, 8, 0, 0, 218, 127, 0, 0, 134, 213, 19, 192, 255, 127, 0, 0, 85, 185, 1, 192, 72, 135, 0, 0, 246, 32, 92, 60, 247, 90, 0, 0, 1, 128, 140, 215, 1, 128, 0, 0, 7, 77, 255, 63, 1, 192, 0, 0, 255, 127, 0, 0, 255, 63, 0, 0, 1, 128, 0, 0, 255, 63, 0, 0, 1, 128, 0, 0, 69, 89, 0, 0, 1, 128, 23, 218, 115, 21, 177, 234, 1, 128, 0, 0, 84, 249, 171, 234, 3, 156, 0, 0, 155, 228, 30, 20, 254, 127, 0, 0, 133, 178, 132, 242, 0, 0, 0, 0, 7, 13, 85, 21, 162, 93, 0, 0, 255, 63, 0, 0, 217, 251, 0, 0, 1, 192, 0, 0, 178, 38, 0, 0, 1, 192, 0, 0, 178, 38, 0, 0, 94, 179, 93, 243, 0, 0, 0, 0, 238, 238, 0, 116, 64, 0, 0, 0, 0, 0, 120, 119, 119, 63, 0, 0, 0, 0, 200, 7, 199, 59, 12, 243, 111, 190, 81, 44, 93, 55, 0, 0, 0, 0, 217, 213, 15, 62, 12, 152, 142, 188, 113, 79, 183, 54, 0, 0, 0, 0, 68, 87, 154, 190, 183, 202, 10, 190, 47, 229, 58, 55, 0, 0, 0, 0, 9, 79, 21, 189, 52, 37, 50, 64, 217, 123, 52, 57, 0, 0, 0, 0, 0, 0, 0, 0, 148, 223, 48, 188, 80, 215, 57, 53, 0, 0, 0, 0, 5, 248, 142, 189, 126, 25, 134, 189, 178, 50, 112, 54, 0, 0, 0, 0, 177, 135, 10, 191, 187, 238, 109, 190, 65, 25, 158, 55, 0, 0, 0, 0, 200, 96, 101, 190, 216, 63, 79, 61, 120, 153, 140, 55, 0, 0, 0, 0, 0, 0, 0, 0, 79, 74, 65, 64, 210, 75, 65, 57, 0, 0, 0, 0, 160, 64, 159, 61, 244, 128, 13, 190, 38, 50, 132, 55, 0, 0, 0, 0, 236, 235, 0, 66, 43, 14, 122, 65, 204, 209, 4, 58, 0, 0, 0, 0, 0, 0, 0, 0, 68, 68, 82, 65, 233, 69, 82, 58, 0, 0, 0, 0, 160, 184, 252, 60, 28, 95, 45, 188, 186, 106, 72, 54, 0, 0, 0, 0, 0, 0, 0, 0, 81, 205, 120, 61, 105, 10, 139, 54, 0, 0, 0, 0, 35, 217, 208, 193, 216, 86, 65, 193, 46, 93, 224, 57, 0, 0, 0, 0, 185, 115, 190, 193, 104, 73, 231, 192, 104, 162, 4, 58, 0, 0, 0, 0, 136, 76, 251, 193, 222, 135, 152, 193, 225, 138, 197, 57, 0, 0, 0, 0, 21, 4, 179, 193, 45, 90, 242, 192, 238, 220, 236, 57, 0, 0, 0, 0, 143, 107, 28, 64, 252, 142, 98, 64, 242, 71, 140, 56, 0, 0, 0, 0, 53, 217, 15, 194, 16, 198, 62, 193, 161, 100, 97, 58, 0, 0, 0, 0, 244, 170, 42, 65, 72, 241, 138, 63, 187, 170, 195, 57, 0, 0, 0, 0, 37, 175, 78, 60, 79, 32, 202, 59, 165, 233, 225, 52, 0, 0, 0, 0, 82, 13, 123, 188, 2, 132, 245, 187, 65, 52, 9, 53, 0, 0, 0, 0, 96, 55, 167, 187, 11, 3, 149, 62, 24, 161, 23, 55, 0, 0, 0, 0, 100, 208, 176, 62, 73, 197, 238, 62, 132, 213, 247, 54, 0, 0, 0, 0, 196, 211, 47, 189, 32, 50, 193, 61, 86, 237, 178, 54, 0, 0, 0, 0, 39, 103, 154, 189, 66, 146, 211, 60, 19, 200, 156, 54, 0, 0, 0, 0, 212, 133, 187, 187, 136, 189, 26, 60, 104, 47, 126, 53, 0, 0, 0, 0, 128, 167, 86, 59, 68, 201, 148, 187, 226, 198, 5, 53, 0, 0, 184, 167, 96, 185, 87, 238, 20, 192, 0, 0, 0, 0, 0, 0, 71, 147, 0, 0, 0, 0, 0, 0, 66, 57, 0, 0, 0, 0, 0, 0, 146, 52, 0, 0, 0, 0, 0, 0, 190, 198, 0, 0, 0, 0, 0, 0, 190, 198, 0, 0, 0, 0, 0, 0, 31, 246, 0, 0, 0, 0, 0, 0, 106, 53, 0, 0, 0, 0, 0, 0, 251, 244, 0, 0, 0, 0, 0, 0, 190, 198, 0, 0, 0, 0, 0, 0, 131, 135, 0, 0, 0, 0, 0, 0, 66, 57, 0, 0, 0, 0, 0, 0, 190, 198, 0, 0, 0, 0, 0, 0, 190, 198, 0, 0, 0, 0, 0, 0, 87, 120, 0, 0, 0, 0, 0, 0, 27, 119, 0, 0, 0, 0, 0, 0, 224, 118, 0, 0, 0, 0, 0, 0, 244, 119, 0, 0, 0, 0, 0, 0, 230, 61, 0, 0, 0, 0, 0, 0, 154, 99, 0, 0, 0, 0, 0, 0, 24, 165, 0, 0, 0, 0, 0, 0, 190, 198, 0, 0, 0, 0, 0, 0, 66, 57, 0, 0, 0, 0, 0, 0, 88, 120, 0, 0, 0, 0, 0, 0, 92, 29, 0, 0, 0, 0, 0, 0, 42, 91, 0, 0, 0, 0, 0, 0, 65, 76, 0, 0, 0, 0, 0, 0, 66, 57, 0, 0, 0, 0, 0, 0, 190, 198, 0, 0, 0, 0, 0, 0, 20, 192, 0, 0, 178, 248, 0, 0, 71, 147, 0, 0, 217, 251, 0, 0, 66, 57, 0, 0, 188, 6, 0, 0, 146, 52, 0, 0, 94, 255, 0, 0, 190, 198, 0, 0, 68, 249, 0, 0, 190, 198, 0, 0, 68, 249, 0, 0, 31, 246, 0, 0, 230, 251, 0, 0, 106, 53, 0, 0, 106, 255, 0, 0, 251, 244, 0, 0, 214, 251, 0, 0, 190, 198, 0, 0, 68, 249, 0, 0, 131, 135, 0, 0, 127, 248, 0, 0, 66, 57, 0, 0, 188, 6, 0, 0, 190, 198, 0, 0, 68, 249, 0, 0, 190, 198, 0, 0, 68, 249, 0, 0, 87, 120, 0, 0, 167, 7, 0, 0, 27, 119, 0, 0, 227, 8, 0, 0, 224, 118, 0, 0, 30, 9, 0, 0, 244, 119, 0, 0, 10, 8, 0, 0, 230, 61, 0, 0, 227, 255, 0, 0, 154, 99, 0, 0, 156, 9, 0, 0, 24, 165, 0, 0, 160, 246, 0, 0, 190, 198, 0, 0, 68, 249, 0, 0, 66, 57, 0, 0, 188, 6, 0, 0, 88, 120, 0, 0, 166, 7, 0, 0, 92, 29, 0, 0, 20, 254, 0, 0, 42, 91, 0, 0, 97, 9, 0, 0, 65, 76, 0, 0, 93, 8, 0, 0, 66, 57, 0, 0, 188, 6, 0, 0, 190, 198, 0, 0, 68, 249, 0, 0, 197, 184, 0, 0, 255, 127, 218, 10, 31, 143, 0, 0, 131, 22, 112, 56, 255, 63, 0, 0, 1, 128, 0, 0, 239, 51, 0, 0, 15, 12, 0, 0, 1, 192, 0, 0, 255, 127, 0, 0, 1, 192, 0, 0, 255, 127, 0, 0, 4, 242, 0, 0, 251, 77, 0, 0, 211, 52, 0, 0, 43, 11, 0, 0, 208, 240, 0, 0, 48, 79, 0, 0, 1, 192, 0, 0, 255, 127, 0, 0, 2, 128, 0, 0, 153, 78, 255, 63, 255, 63, 0, 0, 2, 128, 0, 0, 1, 192, 0, 0, 255, 127, 0, 0, 1, 192, 0, 0, 255, 127, 0, 0, 255, 127, 0, 0, 143, 174, 1, 192, 255, 127, 0, 0, 38, 151, 1, 192, 255, 127, 0, 0, 184, 146, 1, 192, 255, 127, 0, 0, 57, 167, 1, 192, 201, 61, 0, 0, 54, 2, 0, 0, 54, 109, 0, 0, 1, 128, 101, 201, 184, 155, 0, 0, 255, 127, 36, 50, 1, 192, 0, 0, 255, 127, 0, 0, 255, 63, 0, 0, 1, 128, 0, 0, 255, 127, 0, 0, 164, 174, 1, 192, 111, 27, 0, 0, 144, 36, 0, 0, 140, 100, 0, 0, 1, 128, 186, 205, 158, 84, 0, 0, 2, 128, 17, 225, 255, 63, 0, 0, 1, 128, 0, 0, 1, 192, 0, 0, 254, 127, 0, 0, 157, 67, 158, 3, 0, 0, 0, 0, 19, 222, 208, 18, 254, 127, 0, 0, 1, 192, 0, 0, 210, 5, 0, 0, 255, 63, 0, 0, 1, 128, 0, 0, 255, 63, 0, 0, 234, 252, 0, 0, 255, 63, 0, 0, 71, 187, 0, 0, 255, 63, 0, 0, 1, 128, 0, 0, 255, 63, 0, 0, 1, 128, 0, 0, 255, 63, 0, 0, 2, 128, 0, 0, 255, 63, 0, 0, 136, 245, 0, 0, 154, 14, 85, 21, 15, 92, 0, 0, 1, 192, 0, 0, 0, 0, 0, 0, 255, 63, 0, 0, 50, 246, 0, 0, 255, 63, 0, 0, 190, 134, 0, 0, 142, 238, 171, 234, 201, 166, 0, 0, 38, 215, 171, 234, 50, 190, 0, 0, 184, 210, 171, 234, 160, 194, 0, 0, 57, 231, 171, 234, 31, 174, 0, 0, 255, 63, 0, 0, 2, 128, 0, 0, 157, 182, 205, 237, 98, 238, 0, 0, 218, 77, 182, 16, 183, 5, 0, 0, 255, 63, 0, 0, 217, 251, 0, 0, 1, 192, 0, 0, 39, 4, 0, 0, 164, 238, 171, 234, 179, 166, 0, 0, 255, 63, 0, 0, 1, 128, 0, 0, 72, 178, 62, 239, 239, 249, 0, 0, 177, 181, 177, 245, 0, 0, 0, 0, 1, 192, 0, 0, 109, 1, 0, 0, 255, 63, 0, 0, 68, 253, 0, 0, 0, 8, 80, 0, 0, 0, 0, 0, 120, 119, 119, 63, 0, 0, 0, 0, 99, 60, 150, 193, 134, 76, 192, 192, 28, 84, 204, 57, 0, 0, 0, 0, 205, 204, 172, 193, 42, 208, 187, 192, 124, 179, 251, 57, 0, 0, 17, 150, 184, 167, 96, 185, 87, 238, 94, 120, 0, 0, 0, 0, 0, 0, 252, 120, 0, 0, 0, 0, 0, 0, 94, 120, 0, 0, 187, 254, 69, 1, 252, 120, 0, 0, 213, 254, 43, 1, 94, 120, 69, 1, 203, 17, 144, 244, 252, 120, 43, 1, 92, 16, 124, 245, 255, 127, 176, 221, 110, 209, 1, 192, 255, 127, 116, 224, 87, 218, 1, 192, 29, 239, 171, 234, 68, 203, 247, 218, 201, 250, 171, 234, 123, 195, 19, 215, 238, 238, 0, 32, 32, 0, 0, 0, 0, 0, 120, 119, 119, 63, 0, 0, 0, 0, 99, 223, 1, 62, 40, 27, 251, 61, 220, 58, 138, 52, 0, 0, 0, 0, 162, 21, 142, 60, 162, 21, 14, 60, 190, 22, 14, 53, 0, 0, 0, 0, 31, 160, 113, 62, 125, 132, 73, 62, 201, 111, 32, 54, 0, 0, 0, 0, 45, 7, 170, 61, 56, 197, 198, 61, 40, 242, 101, 53, 0, 0, 0, 0, 226, 63, 157, 64, 226, 63, 29, 64, 29, 65, 29, 57, 0, 0, 0, 0, 102, 102, 206, 65, 102, 102, 78, 65, 3, 104, 78, 58, 0, 0, 0, 0, 87, 85, 178, 188, 87, 85, 50, 188, 188, 86, 50, 53, 0, 0, 0, 0, 114, 218, 81, 65, 114, 218, 209, 64, 22, 220, 209, 57, 0, 0, 87, 238, 1, 192, 0, 0, 0, 0, 0, 0, 1, 192, 0, 0, 0, 0, 0, 0, 1, 192, 0, 0, 0, 0, 0, 0, 255, 63, 0, 0, 0, 0, 0, 0, 1, 192, 0, 0, 0, 0, 0, 0, 1, 192, 0, 0, 0, 0, 0, 0, 255, 63, 0, 0, 0, 0, 0, 0, 1, 192, 0, 0, 0, 0, 0, 0, 1, 192, 0, 0, 255, 127, 0, 0, 1, 192, 0, 0, 255, 127, 0, 0, 1, 192, 0, 0, 255, 127, 0, 0, 255, 63, 0, 0, 1, 128, 0, 0, 1, 192, 0, 0, 254, 127, 0, 0, 1, 192, 0, 0, 255, 127, 0, 0, 255, 63, 0, 0, 1, 128, 0, 0, 1, 192, 0, 0, 255, 127, 0, 0, 0, 4, 96, 0, 0, 0, 0, 0, 120, 119, 119, 63, 148, 251, 146, 65, 0, 0, 0, 0, 89, 225, 115, 64, 195, 81, 88, 57, 0, 0, 167, 17, 79, 35, 35, 44, 202, 61, 70, 88, 205, 104, 187, 7, 148, 51, 226, 219, 255, 127, 226, 219, 47, 132, 8, 176, 23, 144, 164, 250, 168, 236, 159, 8, 1, 128, 63, 17, 239, 68, 134, 7, 183, 221, 73, 11, 112, 207, 0, 0, 111, 184, 0, 0, 156, 255, 206, 255, 0, 96, 144, 0, 0, 0, 0, 0, 120, 119, 119, 63, 0, 0, 0, 0, 142, 235, 235, 189, 212, 113, 175, 189, 204, 232, 113, 53, 0, 0, 0, 0, 222, 33, 139, 60, 74, 69, 154, 61, 127, 70, 154, 54, 0, 0, 0, 0, 23, 194, 173, 190, 176, 151, 246, 190, 84, 172, 17, 55, 0, 0, 0, 0, 188, 207, 222, 188, 32, 5, 37, 63, 222, 15, 30, 56, 0, 0, 0, 0, 220, 103, 119, 190, 17, 189, 49, 191, 212, 155, 18, 56, 0, 0, 0, 0, 8, 13, 230, 189, 124, 38, 15, 191, 154, 39, 15, 56, 0, 0, 0, 0, 20, 18, 167, 65, 60, 184, 178, 65, 61, 50, 65, 58, 0, 0, 0, 0, 40, 239, 197, 61, 58, 151, 51, 61, 70, 132, 74, 54, 0, 0, 0, 0, 50, 185, 5, 61, 72, 49, 141, 187, 125, 164, 162, 53, 0, 0, 0, 0, 71, 99, 229, 193, 73, 197, 241, 192, 238, 222, 47, 58, 0, 0, 0, 0, 221, 113, 221, 193, 184, 95, 223, 192, 58, 155, 37, 58, 0, 0, 0, 0, 0, 0, 0, 0, 1, 182, 251, 60, 119, 59, 1, 54, 0, 0, 0, 0, 89, 253, 217, 62, 229, 12, 175, 62, 107, 165, 7, 55, 0, 0, 0, 0, 78, 239, 130, 189, 140, 104, 47, 62, 20, 226, 240, 54, 0, 0, 0, 0, 202, 128, 179, 187, 175, 17, 30, 62, 227, 183, 6, 55, 0, 0, 0, 0, 36, 141, 252, 189, 116, 30, 33, 62, 162, 179, 15, 55, 0, 0, 0, 0, 201, 140, 82, 189, 59, 77, 0, 62, 107, 86, 8, 55, 0, 0, 0, 0, 255, 19, 16, 61, 117, 137, 190, 190, 41, 22, 158, 55, 0, 0, 0, 0, 188, 165, 40, 61, 160, 223, 138, 62, 8, 62, 52, 55, 0, 0, 0, 0, 144, 123, 162, 188, 244, 191, 193, 61, 49, 56, 160, 54, 0, 0, 0, 0, 169, 149, 213, 60, 105, 234, 137, 190, 205, 95, 101, 55, 0, 0, 0, 0, 27, 73, 130, 58, 102, 51, 53, 190, 38, 39, 57, 55, 0, 0, 0, 0, 190, 46, 67, 188, 59, 24, 189, 61, 141, 213, 220, 54, 0, 0, 0, 0, 0, 0, 0, 0, 107, 227, 230, 59, 82, 21, 237, 52, 0, 0, 167, 17, 246, 52, 26, 97, 193, 114, 17, 150, 184, 167, 96, 185, 87, 238, 255, 127, 0, 0, 0, 0, 0, 0, 236, 60, 0, 0, 0, 0, 0, 0, 191, 1, 0, 0, 0, 0, 0, 0, 219, 24, 0, 0, 0, 0, 0, 0, 148, 255, 0, 0, 0, 0, 0, 0, 81, 240, 0, 0, 0, 0, 0, 0, 191, 68, 0, 0, 0, 0, 0, 0, 82, 47, 0, 0, 0, 0, 0, 0, 1, 128, 0, 0, 0, 0, 0, 0, 114, 22, 0, 0, 0, 0, 0, 0, 133, 21, 0, 0, 0, 0, 0, 0, 8, 79, 0, 0, 0, 0, 0, 0, 112, 178, 0, 0, 117, 14, 190, 3, 247, 123, 0, 0, 7, 4, 0, 0, 83, 70, 0, 0, 110, 7, 0, 0, 255, 127, 0, 0, 0, 0, 0, 0, 202, 61, 0, 0, 0, 0, 0, 0, 147, 171, 0, 0, 0, 0, 0, 0, 3, 15, 0, 0, 96, 12, 169, 6, 191, 92, 0, 0, 223, 0, 0, 0, 213, 188, 0, 0, 41, 253, 5, 255, 254, 207, 0, 0, 150, 1, 77, 0, 50, 59, 0, 0, 86, 254, 0, 0, 7, 79, 0, 0, 0, 0, 0, 0, 255, 127, 0, 0, 254, 149, 239, 244, 236, 60, 0, 0, 184, 252, 169, 255, 191, 1, 0, 0, 43, 39, 22, 4, 219, 24, 0, 0, 183, 33, 133, 3, 148, 255, 0, 0, 9, 205, 174, 250, 81, 240, 0, 0, 184, 218, 28, 252, 191, 68, 0, 0, 169, 144, 97, 244, 82, 47, 0, 0, 85, 162, 57, 246, 1, 128, 0, 0, 223, 120, 158, 12, 114, 22, 0, 0, 48, 81, 121, 8, 133, 21, 0, 0, 56, 86, 0, 9, 8, 79, 0, 0, 1, 128, 164, 242, 165, 196, 125, 7, 140, 6, 119, 1, 255, 127, 0, 0, 194, 162, 68, 246, 194, 77, 0, 0, 252, 233, 180, 253, 255, 127, 0, 0, 4, 159, 224, 245, 202, 61, 0, 0, 59, 13, 97, 1, 147, 171, 0, 0, 124, 7, 200, 0, 13, 34, 82, 13, 184, 23, 222, 3, 158, 93, 0, 0, 144, 232, 142, 253, 2, 185, 9, 254, 108, 253, 135, 255, 226, 209, 155, 0, 59, 0, 0, 0, 135, 57, 0, 0, 215, 1, 0, 0, 7, 79, 0, 0, 1, 128, 164, 242, 235, 10, 43, 242, 0, 0, 0, 0, 75, 57, 147, 255, 0, 0, 0, 0, 1, 45, 28, 5, 0, 0, 0, 0, 23, 62, 102, 4, 0, 0, 0, 0, 74, 199, 90, 249, 0, 0, 0, 0, 36, 199, 35, 251, 0, 0, 0, 0, 201, 201, 121, 241, 0, 0, 0, 0, 225, 199, 199, 243, 0, 0, 0, 0, 127, 5, 198, 15, 0, 0, 0, 0, 29, 112, 152, 10, 0, 0, 0, 0, 190, 116, 64, 11, 0, 0, 0, 0, 173, 193, 76, 239, 0, 0, 0, 0, 39, 212, 213, 1, 0, 0, 0, 0, 4, 25, 213, 243, 0, 0, 0, 0, 113, 53, 33, 253, 0, 0, 0, 0, 226, 20, 88, 243, 0, 0, 0, 0, 103, 76, 186, 1, 0, 0, 0, 0, 216, 179, 250, 0, 0, 0, 0, 0, 246, 74, 213, 4, 0, 0, 0, 0, 187, 67, 241, 252, 0, 0, 0, 0, 253, 179, 105, 255, 0, 0, 0, 0, 185, 210, 0, 0, 65, 247, 238, 252, 95, 59, 0, 0, 118, 254, 118, 255, 173, 193, 76, 239, 0, 0, 0, 0, 23, 253, 0, 0, 0, 0, 108, 0, 222, 56, 0, 0, 0, 0, 3, 0, 30, 50, 0, 0, 0, 0, 216, 255, 125, 66, 0, 0, 0, 0, 222, 255, 163, 192, 0, 0, 0, 0, 52, 0, 71, 194, 0, 0, 0, 0, 38, 0, 65, 187, 0, 0, 0, 0, 113, 0, 167, 187, 0, 0, 0, 0, 95, 0, 69, 21, 0, 0, 0, 0, 133, 255, 181, 122, 0, 0, 0, 0, 173, 255, 255, 127, 0, 0, 0, 0, 168, 255, 249, 176, 0, 0, 0, 0, 130, 0, 253, 213, 0, 0, 0, 0, 242, 255, 217, 12, 0, 0, 0, 0, 95, 0, 145, 50, 0, 0, 0, 0, 22, 0, 58, 8, 0, 0, 0, 0, 99, 0, 33, 78, 0, 0, 0, 0, 243, 255, 210, 180, 0, 0, 0, 0, 249, 255, 204, 79, 0, 0, 0, 0, 219, 255, 172, 64, 0, 0, 0, 0, 23, 0, 101, 179, 0, 0, 0, 0, 4, 0, 232, 198, 198, 254, 0, 0, 0, 0, 74, 57, 201, 255, 0, 0, 0, 0, 249, 176, 0, 0, 0, 0, 130, 0, 131, 253, 216, 0, 213, 2, 226, 1, 225, 56, 6, 0, 22, 0, 14, 0, 246, 49, 176, 255, 245, 254, 78, 255, 91, 66, 188, 255, 26, 255, 103, 255, 215, 192, 104, 0, 92, 1, 231, 0, 109, 194, 76, 0, 255, 0, 169, 0, 179, 187, 227, 0, 249, 2, 250, 1, 7, 188, 191, 0, 128, 2, 170, 1, 201, 20, 9, 255, 198, 252, 219, 253, 98, 122, 90, 255, 213, 253, 143, 254, 166, 127, 80, 255, 179, 253, 120, 254, 123, 177, 5, 1, 107, 3, 70, 2, 238, 213, 228, 255, 160, 255, 193, 255, 56, 13, 190, 0, 125, 2, 168, 1, 168, 50, 45, 0, 150, 0, 100, 0, 157, 8, 198, 0, 151, 2, 185, 1, 20, 78, 229, 255, 166, 255, 196, 255, 202, 180, 241, 255, 205, 255, 222, 255, 166, 79, 181, 255, 3, 255, 88, 255, 196, 64, 47, 0, 160, 0, 106, 0, 106, 179, 9, 0, 31, 0, 20, 0, 173, 197, 0, 0, 48, 0, 31, 0, 18, 57, 0, 0, 8, 0, 5, 0, 123, 177, 5, 1, 107, 3, 70, 2, 18, 3, 241, 0, 240, 255, 9, 2, 13, 57, 7, 0, 249, 255, 23, 0, 231, 47, 167, 255, 70, 255, 0, 0, 150, 64, 180, 255, 96, 255, 0, 0, 132, 195, 115, 0, 242, 0, 0, 0, 98, 196, 84, 0, 177, 0, 0, 0, 139, 193, 253, 0, 18, 2, 0, 0, 241, 192, 213, 0, 190, 1, 0, 0, 114, 14, 238, 254, 37, 0, 155, 253, 31, 118, 72, 255, 126, 254, 0, 0, 32, 123, 60, 255, 102, 254, 0, 0, 51, 184, 35, 1, 11, 1, 86, 1, 50, 213, 225, 255, 31, 0, 158, 255, 29, 18, 212, 0, 134, 255, 54, 2, 207, 51, 50, 0, 206, 255, 154, 0, 180, 13, 220, 0, 130, 255, 76, 2, 98, 77, 226, 255, 193, 255, 0, 0, 102, 180, 239, 255, 17, 0, 204, 255, 180, 77, 172, 255, 80, 255, 0, 0, 255, 65, 53, 0, 203, 255, 164, 0, 167, 179, 10, 0, 21, 0, 0, 0, 253, 197, 15, 0, 44, 0, 0, 0, 33, 57, 2, 0, 254, 255, 10, 0, 51, 184, 35, 1, 11, 1, 86, 1, 252, 5, 9, 2, 68, 7, 0, 0, 36, 57, 23, 0, 195, 6, 0, 0, 212, 46, 0, 0, 173, 4, 0, 0, 169, 63, 0, 0, 249, 5, 0, 0, 235, 196, 0, 0, 23, 251, 0, 0, 104, 197, 0, 0, 153, 250, 0, 0, 154, 196, 0, 0, 223, 249, 0, 0, 133, 195, 0, 0, 113, 252, 0, 0, 31, 11, 155, 253, 87, 247, 0, 0, 228, 115, 0, 0, 17, 7, 0, 0, 193, 120, 0, 0, 0, 7, 0, 0, 184, 187, 86, 1, 174, 2, 124, 0, 207, 212, 158, 255, 38, 249, 0, 0, 173, 20, 54, 2, 127, 8, 0, 0, 106, 52, 154, 0, 81, 7, 0, 0, 95, 16, 76, 2, 211, 8, 0, 0, 5, 77, 0, 0, 234, 7, 0, 0, 49, 180, 204, 255, 151, 247, 0, 0, 176, 76, 0, 0, 246, 6, 0, 0, 164, 66, 164, 0, 145, 8, 0, 0, 199, 179, 0, 0, 209, 247, 0, 0, 57, 198, 0, 0, 200, 249, 0, 0, 43, 57, 10, 0, 201, 6, 0, 0, 184, 187, 86, 1, 174, 2, 124, 0, 74, 15, 0, 0, 33, 187, 46, 220, 255, 63, 0, 0, 2, 128, 0, 0, 129, 51, 0, 0, 127, 140, 0, 0, 162, 69, 0, 0, 1, 128, 139, 247, 1, 192, 0, 0, 255, 127, 0, 0, 1, 192, 0, 0, 255, 127, 0, 0, 120, 190, 0, 0, 255, 127, 0, 0, 245, 191, 0, 0, 255, 127, 75, 3, 16, 0, 0, 0, 238, 127, 0, 0, 245, 122, 0, 0, 1, 128, 134, 194, 194, 127, 0, 0, 79, 128, 16, 192, 56, 192, 116, 1, 0, 0, 0, 0, 146, 205, 0, 0, 255, 127, 0, 0, 99, 31, 0, 0, 196, 155, 40, 216, 87, 60, 0, 0, 1, 128, 109, 248, 126, 27, 0, 0, 190, 140, 212, 225, 239, 84, 0, 0, 2, 128, 152, 224, 147, 171, 0, 0, 255, 127, 165, 30, 166, 83, 0, 0, 1, 128, 134, 226, 218, 75, 0, 0, 1, 128, 229, 224, 151, 171, 0, 0, 255, 127, 158, 30, 1, 192, 0, 0, 255, 127, 0, 0, 255, 63, 0, 0, 1, 128, 0, 0, 56, 192, 116, 1, 0, 0, 0, 0, 153, 166, 16, 244, 90, 229, 0, 0, 1, 192, 0, 0, 109, 14, 0, 0, 1, 192, 0, 0, 255, 127, 0, 0, 47, 189, 47, 253, 0, 0, 0, 0, 255, 63, 0, 0, 152, 242, 0, 0, 255, 63, 0, 0, 37, 243, 0, 0, 118, 62, 0, 0, 210, 185, 0, 0, 63, 67, 25, 1, 0, 0, 0, 0, 255, 127, 0, 0, 35, 247, 0, 0, 124, 189, 130, 235, 13, 220, 0, 0, 33, 192, 176, 234, 49, 213, 0, 0, 173, 193, 0, 0, 0, 0, 0, 0, 144, 77, 0, 0, 245, 218, 0, 0, 79, 147, 184, 242, 251, 249, 0, 0, 197, 180, 122, 253, 0, 0, 0, 0, 16, 138, 242, 245, 0, 0, 0, 0, 137, 181, 136, 245, 0, 0, 0, 0, 54, 74, 55, 10, 0, 0, 0, 0, 45, 182, 45, 246, 0, 0, 0, 0, 192, 172, 162, 245, 0, 0, 0, 0, 52, 74, 52, 10, 0, 0, 0, 0, 255, 63, 0, 0, 253, 254, 0, 0, 1, 192, 0, 0, 32, 2, 0, 0, 173, 193, 0, 0, 0, 0, 0, 0, 238, 238, 0, 4, 144, 0, 0, 0, 0, 0, 120, 119, 119, 63, 0, 0, 0, 0, 87, 132, 50, 188, 166, 167, 184, 190, 249, 32, 65, 55, 0, 0, 167, 17, 79, 35, 246, 52, 158, 70, 17, 150, 184, 167, 96, 185, 87, 238, 200, 139, 0, 0, 137, 253, 0, 0, 81, 137, 0, 0, 252, 29, 0, 0, 78, 167, 0, 0, 247, 245, 0, 0, 68, 157, 0, 0, 11, 4, 0, 0, 79, 161, 0, 0, 147, 255, 179, 255, 148, 160, 239, 255, 17, 0, 158, 255, 50, 160, 158, 255, 246, 253, 0, 0, 197, 157, 0, 0, 255, 127, 58, 54, 254, 83, 19, 18, 157, 16, 0, 0, 238, 238, 0, 4, 64, 0, 0, 0, 0, 0, 120, 119, 119, 63, 0, 0, 0, 0, 0, 0, 0, 0, 52, 73, 181, 189, 104, 24, 115, 54, 0, 0, 96, 185, 219, 211, 87, 238, 126, 164, 0, 0, 89, 0, 0, 0, 216, 164, 0, 0, 181, 251, 0, 0, 140, 160, 0, 0, 255, 127, 191, 37, 74, 70, 42, 25, 0, 0, 0, 0, 0, 4, 160, 0, 0, 0, 0, 0, 120, 119, 119, 63, 0, 0, 0, 0, 130, 86, 253, 188, 240, 238, 181, 188, 11, 103, 159, 52, 0, 0, 167, 17, 79, 35, 246, 52, 26, 97, 193, 114, 17, 150, 96, 185, 219, 211, 87, 238, 180, 4, 0, 0, 33, 134, 0, 0, 214, 138, 0, 0, 255, 127, 115, 18, 71, 29, 115, 18, 162, 247, 94, 8, 186, 47, 236, 20, 131, 48, 0, 0, 42, 117, 0, 0, 0, 0, 163, 255, 205, 116, 70, 255, 146, 253, 98, 254, 6, 112, 98, 254, 224, 255, 124, 254, 195, 108, 221, 254, 84, 244, 106, 239, 92, 79, 106, 239, 66, 241, 50, 217, 57, 9, 33, 230, 250, 157, 0, 0, 0, 4, 160, 0, 0, 0, 0, 0, 120, 119, 119, 63, 0, 0, 0, 0, 218, 38, 186, 61, 127, 233, 59, 61, 165, 101, 184, 53, 0, 0, 167, 17, 79, 35, 246, 52, 26, 97, 17, 150, 184, 167, 96, 185, 219, 211, 87, 238, 188, 132, 0, 0, 69, 0, 254, 0, 0, 134, 254, 0, 180, 3, 0, 0, 179, 138, 0, 0, 194, 248, 0, 0, 117, 131, 0, 0, 252, 7, 0, 0, 113, 139, 0, 0, 215, 255, 219, 255, 34, 139, 244, 255, 12, 0, 218, 255, 252, 138, 218, 255, 44, 245, 0, 0, 1, 128, 0, 0, 253, 89, 48, 42, 47, 4, 48, 42, 123, 74, 72, 4, 35, 125, 219, 2, 0, 0, 0, 0, 0, 4, 176, 0, 0, 0, 0, 0, 120, 119, 119, 63, 0, 0, 0, 0, 202, 204, 191, 187, 159, 69, 21, 188, 148, 220, 117, 53, 0, 0, 167, 17, 79, 35, 246, 52, 26, 97, 193, 114, 17, 150, 184, 167, 96, 185, 219, 211, 87, 238, 174, 219, 0, 0, 38, 118, 0, 0, 211, 81, 0, 0, 1, 128, 112, 239, 69, 193, 112, 239, 3, 1, 253, 254, 181, 176, 121, 253, 0, 0, 0, 0, 45, 174, 0, 0, 0, 0, 93, 0, 139, 174, 187, 0, 115, 2, 161, 1, 92, 179, 208, 0, 236, 0, 200, 0, 226, 181, 200, 0, 121, 255, 237, 1, 16, 184, 228, 2, 215, 0, 138, 8, 86, 196, 138, 8, 185, 15, 182, 14, 80, 235, 206, 9, 198, 24, 0, 0, 238, 238, 0, 20, 80, 0, 0, 0, 0, 0, 120, 119, 119, 63, 0, 0, 0, 0, 117, 69, 21, 190, 233, 75, 224, 61, 29, 199, 2, 55, 0, 0, 0, 0, 18, 34, 211, 189, 183, 144, 186, 189, 70, 194, 128, 53, 0, 0, 0, 0, 97, 39, 55, 60, 0, 242, 12, 189, 153, 112, 234, 54, 0, 0, 0, 0, 69, 8, 206, 61, 150, 28, 208, 61, 196, 241, 20, 55, 0, 0, 0, 0, 216, 233, 0, 194, 130, 142, 62, 193, 74, 11, 108, 58, 0, 0, 184, 167, 96, 185, 219, 211, 87, 238, 66, 116, 0, 0, 0, 0, 0, 0, 193, 184, 0, 0, 0, 0, 0, 0, 145, 22, 0, 0, 0, 0, 0, 0, 106, 202, 0, 0, 12, 0, 254, 255, 51, 84, 0, 0, 0, 0, 0, 0, 66, 116, 0, 0, 188, 11, 0, 0, 193, 184, 0, 0, 26, 248, 0, 0, 145, 22, 0, 0, 82, 252, 0, 0, 116, 202, 0, 0, 142, 245, 0, 0, 51, 84, 0, 0, 241, 3, 0, 0, 254, 127, 0, 0, 229, 154, 86, 213, 218, 176, 0, 0, 107, 70, 98, 26, 226, 18, 0, 0, 28, 45, 0, 0, 1, 192, 0, 0, 255, 127, 0, 0, 37, 88, 0, 0, 181, 207, 0, 0, 58, 240, 86, 213, 114, 186, 0, 0, 167, 17, 98, 26, 29, 35, 0, 0, 255, 63, 0, 0, 1, 128, 0, 0, 255, 63, 0, 0, 236, 180, 0, 0, 217, 39, 0, 0, 0, 0, 0, 0, 2, 128, 0, 0, 16, 0, 0, 0, 38, 79, 0, 0, 2, 128, 0, 0, 1, 192, 0, 0, 124, 89, 0, 0, 235, 244, 0, 0, 162, 10, 0, 0, 217, 39, 0, 0, 1, 128, 0, 0, 238, 238, 0, 4, 128, 0, 0, 0, 0, 0, 120, 119, 119, 63, 0, 0, 0, 0, 47, 234, 20, 60, 94, 83, 139, 59, 58, 135, 180, 52, 0, 0, 167, 17, 246, 52, 26, 97, 17, 150, 184, 167, 96, 185, 87, 238, 15, 174, 0, 0, 0, 0, 0, 0, 15, 174, 0, 0, 57, 38, 253, 3, 70, 216, 252, 4, 0, 0, 0, 0, 67, 221, 0, 0, 221, 254, 252, 254, 26, 219, 170, 255, 86, 0, 243, 254, 13, 218, 243, 254, 243, 248, 0, 0, 243, 209, 0, 0, 255, 127, 0, 0, 241, 81, 0, 0, 65, 230, 0, 0, 0, 56, 160, 0, 0, 0, 0, 0, 120, 119, 119, 63, 0, 0, 0, 0, 71, 170, 132, 61, 152, 173, 25, 189, 196, 146, 142, 54, 0, 0, 0, 0, 33, 137, 97, 189, 18, 234, 131, 61, 139, 176, 116, 54, 0, 0, 0, 0, 45, 220, 251, 63, 206, 226, 160, 63, 64, 157, 27, 56, 0, 0, 0, 0, 6, 113, 46, 190, 32, 155, 121, 60, 210, 243, 201, 54, 0, 0, 0, 0, 148, 165, 214, 188, 232, 156, 242, 60, 216, 107, 29, 54, 0, 0, 0, 0, 128, 159, 137, 62, 10, 30, 145, 62, 233, 95, 88, 54, 0, 0, 0, 0, 109, 16, 184, 62, 110, 173, 53, 63, 86, 77, 169, 55, 0, 0, 0, 0, 173, 89, 76, 62, 86, 229, 148, 190, 225, 152, 187, 55, 0, 0, 0, 0, 89, 38, 147, 62, 101, 28, 145, 62, 184, 228, 158, 54, 0, 0, 0, 0, 223, 174, 49, 63, 128, 88, 73, 63, 51, 207, 130, 55, 0, 0, 0, 0, 3, 248, 20, 62, 182, 20, 41, 190, 155, 197, 102, 55, 0, 0, 0, 0, 19, 197, 182, 62, 242, 147, 161, 62, 33, 27, 206, 54, 0, 0, 0, 0, 0, 110, 188, 189, 38, 132, 33, 189, 91, 110, 156, 54, 0, 0, 0, 0, 110, 127, 242, 61, 222, 75, 125, 61, 87, 89, 15, 54, 0, 0, 167, 17, 246, 52, 26, 97, 193, 114, 17, 150, 184, 167, 96, 185, 219, 211, 87, 238, 147, 153, 0, 0, 0, 0, 0, 0, 48, 248, 0, 0, 0, 0, 0, 0, 86, 231, 0, 0, 0, 0, 0, 0, 115, 120, 0, 0, 0, 0, 0, 0, 243, 92, 0, 0, 0, 0, 0, 0, 255, 127, 0, 0, 0, 0, 0, 0, 73, 69, 0, 0, 0, 0, 0, 0, 56, 183, 0, 0, 0, 0, 0, 0, 1, 128, 0, 0, 132, 46, 74, 26, 99, 187, 0, 0, 33, 3, 20, 3, 204, 167, 0, 0, 200, 6, 48, 4, 182, 40, 0, 0, 245, 60, 0, 0, 135, 253, 0, 0, 63, 15, 0, 0, 239, 205, 0, 0, 72, 59, 0, 0, 147, 153, 0, 0, 255, 127, 92, 13, 48, 248, 0, 0, 92, 44, 161, 4, 86, 231, 0, 0, 123, 241, 124, 254, 115, 120, 0, 0, 1, 128, 164, 242, 243, 92, 0, 0, 1, 128, 164, 242, 255, 127, 0, 0, 131, 134, 81, 243, 73, 69, 0, 0, 172, 237, 23, 254, 56, 183, 0, 0, 110, 247, 27, 255, 209, 200, 149, 52, 192, 95, 124, 15, 153, 193, 41, 6, 82, 13, 8, 2, 197, 178, 96, 8, 210, 15, 134, 2, 172, 101, 0, 0, 92, 139, 0, 0, 197, 12, 0, 0, 124, 237, 0, 0, 54, 9, 0, 0, 88, 143, 0, 0, 238, 38, 180, 16, 0, 0, 0, 0, 45, 41, 202, 5, 0, 0, 0, 0, 76, 215, 27, 254, 0, 0, 0, 0, 24, 235, 76, 239, 0, 0, 0, 0, 152, 207, 76, 239, 0, 0, 0, 0, 211, 249, 38, 240, 0, 0, 0, 0, 10, 49, 156, 253, 0, 0, 0, 0, 193, 173, 226, 254, 0, 0, 0, 0, 163, 108, 91, 19, 0, 0, 0, 0, 30, 215, 138, 2, 0, 0, 0, 0, 127, 205, 40, 3, 0, 0, 0, 0, 9, 241, 0, 0, 233, 15, 150, 5, 66, 250, 0, 0, 137, 2, 228, 0, 143, 152, 0, 0, 112, 16, 197, 5, 162, 55, 0, 0, 0, 0, 126, 255, 247, 46, 0, 0, 0, 0, 211, 255, 103, 213, 0, 0, 0, 0, 14, 0, 100, 218, 0, 0, 0, 0, 130, 0, 228, 190, 0, 0, 0, 0, 130, 0, 248, 233, 0, 0, 0, 0, 124, 0, 166, 46, 0, 0, 0, 0, 18, 0, 162, 172, 0, 0, 0, 0, 8, 0, 255, 127, 0, 0, 0, 0, 105, 255, 168, 217, 0, 0, 0, 0, 237, 255, 167, 208, 0, 0, 0, 0, 232, 255, 135, 6, 60, 2, 0, 0, 0, 0, 175, 253, 91, 0, 0, 0, 0, 0, 197, 174, 79, 2, 0, 0, 0, 0, 32, 55, 251, 254, 149, 252, 186, 253, 201, 46, 166, 255, 209, 254, 55, 255, 118, 213, 29, 0, 99, 0, 66, 0, 231, 218, 5, 1, 107, 3, 70, 2, 103, 191, 5, 1, 107, 3, 70, 2, 116, 234, 248, 0, 62, 3, 40, 2, 185, 46, 37, 0, 125, 0, 83, 0, 171, 172, 17, 0, 58, 0, 39, 0, 103, 127, 209, 254, 10, 252, 94, 253, 149, 217, 217, 255, 123, 255, 168, 255, 143, 208, 207, 255, 91, 255, 146, 255, 196, 8, 0, 0, 167, 255, 200, 255, 11, 254, 0, 0, 242, 255, 247, 255, 20, 177, 0, 0, 164, 255, 198, 255, 104, 48, 221, 254, 221, 255, 194, 253, 117, 44, 156, 255, 100, 0, 200, 254, 57, 214, 33, 0, 223, 255, 102, 0, 158, 225, 35, 1, 165, 0, 187, 1, 30, 198, 35, 1, 50, 1, 46, 1, 212, 240, 20, 1, 146, 0, 176, 1, 175, 47, 41, 0, 215, 255, 129, 0, 30, 173, 19, 0, 40, 0, 0, 0, 158, 119, 175, 254, 62, 253, 0, 0, 143, 216, 212, 255, 44, 0, 119, 255, 74, 207, 201, 255, 55, 0, 86, 255, 50, 8, 228, 255, 176, 255, 0, 0, 243, 253, 252, 255, 4, 0, 239, 255, 126, 176, 227, 255, 29, 0, 144, 255, 227, 44, 194, 253, 77, 248, 0, 0, 61, 43, 200, 254, 3, 248, 0, 0, 159, 214, 102, 0, 31, 3, 0, 0, 35, 229, 187, 1, 37, 5, 0, 0, 163, 201, 46, 1, 133, 0, 224, 1, 44, 244, 176, 1, 25, 5, 0, 0, 48, 48, 129, 0, 4, 10, 0, 0, 91, 173, 0, 0, 175, 254, 154, 255, 138, 115, 0, 0, 250, 1, 0, 0, 6, 216, 119, 255, 188, 250, 0, 0, 159, 206, 86, 255, 28, 249, 0, 0, 197, 7, 0, 0, 48, 4, 0, 0, 226, 253, 239, 255, 9, 250, 0, 0, 13, 176, 144, 255, 123, 242, 0, 0, 241, 34, 0, 0, 123, 67, 0, 0, 8, 34, 0, 0, 246, 93, 0, 0, 37, 218, 0, 0, 8, 219, 0, 0, 5, 236, 0, 0, 187, 238, 88, 243, 56, 205, 208, 2, 156, 4, 18, 3, 246, 250, 0, 0, 12, 133, 0, 0, 181, 58, 0, 0, 2, 128, 0, 0, 162, 171, 103, 255, 81, 255, 0, 0, 133, 117, 0, 0, 77, 249, 229, 241, 56, 210, 0, 0, 102, 114, 0, 0, 16, 199, 0, 0, 254, 127, 0, 0, 245, 11, 0, 0, 114, 212, 16, 237, 217, 247, 0, 0, 38, 72, 0, 0, 22, 162, 0, 0, 254, 127, 130, 31, 109, 102, 0, 0, 0, 0, 113, 254, 255, 127, 0, 0, 148, 194, 206, 204, 44, 181, 0, 0, 0, 0, 255, 12, 23, 206, 88, 243, 191, 236, 229, 241, 183, 215, 17, 3, 218, 4, 0, 0, 2, 128, 0, 0, 87, 69, 13, 22, 183, 186, 0, 0, 232, 6, 0, 0, 89, 170, 0, 0, 0, 0, 252, 25, 182, 96, 229, 241, 246, 224, 81, 237, 157, 68, 0, 0, 2, 128, 0, 0, 14, 71, 0, 0, 157, 238, 0, 0, 120, 205, 16, 237, 205, 223, 0, 0, 255, 63, 0, 0, 1, 128, 0, 0, 151, 65, 130, 31, 110, 248, 146, 7, 221, 100, 246, 254, 56, 250, 0, 0, 95, 15, 223, 221, 196, 146, 0, 0, 44, 194, 170, 8, 255, 127, 0, 0, 18, 160, 153, 246, 228, 240, 0, 0, 164, 223, 0, 0, 106, 195, 0, 0, 102, 219, 179, 14, 43, 4, 0, 0, 159, 193, 0, 0, 155, 250, 0, 0, 86, 196, 83, 17, 255, 127, 0, 0, 224, 32, 140, 243, 222, 238, 0, 0, 159, 196, 0, 0, 57, 36, 0, 0, 170, 53, 0, 0, 137, 34, 0, 0, 84, 154, 0, 0, 255, 127, 0, 0, 1, 192, 0, 0, 242, 19, 0, 0, 25, 97, 12, 5, 76, 1, 0, 0, 0, 4, 176, 0, 0, 0, 0, 0, 120, 119, 119, 63, 0, 0, 0, 0, 81, 200, 168, 63, 27, 230, 64, 63, 196, 122, 58, 56, 0, 0, 167, 17, 79, 35, 202, 61, 70, 88, 193, 114, 61, 141, 228, 158, 96, 185, 219, 211, 87, 238, 243, 198, 0, 0, 100, 251, 0, 0, 86, 194, 0, 0, 84, 16, 0, 0, 170, 210, 0, 0, 121, 249, 0, 0, 35, 204, 0, 0, 189, 3, 14, 1, 240, 208, 14, 1, 125, 0, 0, 0, 124, 210, 0, 0, 66, 252, 0, 0, 190, 206, 0, 0, 65, 0, 0, 0, 255, 206, 0, 0, 3, 241, 0, 0, 1, 192, 0, 0, 255, 127, 0, 0, 255, 63, 0, 0, 195, 236, 0, 0, 194, 44, 0, 0, 227, 4, 0, 0, 238, 238, 0, 8, 128, 0, 0, 0, 0, 0, 120, 119, 119, 63, 0, 0, 0, 0, 21, 98, 90, 60, 254, 114, 99, 60, 154, 119, 253, 53, 0, 0, 0, 0, 109, 12, 143, 59, 235, 160, 137, 60, 46, 244, 214, 53, 0, 0, 167, 17, 123, 26, 246, 52, 184, 167, 96, 185, 219, 211, 87, 238, 195, 167, 0, 0, 105, 255, 0, 0, 83, 228, 0, 0, 5, 0, 0, 0, 43, 167, 0, 0, 237, 48, 204, 2, 89, 228, 0, 0, 22, 207, 0, 0, 229, 218, 100, 8, 0, 0, 0, 0, 111, 179, 0, 0, 151, 35, 0, 0, 73, 227, 0, 0, 0, 0, 0, 0, 6, 215, 0, 0, 0, 0, 0, 0, 73, 227, 0, 0, 142, 245, 0, 0, 6, 215, 0, 0, 142, 245, 0, 0, 215, 216, 0, 0, 255, 127, 0, 0, 147, 204, 0, 0, 255, 127, 0, 0, 213, 88, 0, 0, 115, 210, 2, 238, 145, 76, 0, 0, 203, 187, 159, 234, 72, 25, 1, 244, 146, 241, 0, 0, 252, 242, 192, 241, 241, 252, 0, 0, 0, 4, 144, 0, 0, 0, 0, 0, 120, 119, 119, 63, 0, 0, 0, 0, 248, 10, 205, 62, 188, 45, 190, 61, 55, 163, 113, 55, 0, 0, 123, 26, 35, 44, 158, 70, 26, 97, 149, 123, 96, 185, 219, 211, 87, 238, 166, 157, 0, 0, 0, 0, 226, 3, 136, 161, 150, 2, 44, 61, 0, 0, 76, 225, 0, 0, 0, 0, 0, 0, 75, 225, 0, 0, 82, 218, 0, 0, 156, 187, 0, 0, 81, 8, 0, 0, 238, 195, 0, 0, 77, 250, 0, 0, 58, 190, 0, 0, 0, 0, 16, 18, 75, 208, 16, 18, 255, 127, 0, 0, 90, 98, 0, 0, 20, 241, 0, 0, 238, 238, 0, 4, 176, 0, 0, 0, 0, 0, 120, 119, 119, 63, 0, 0, 0, 0, 156, 170, 65, 190, 242, 183, 133, 190, 10, 17, 99, 55, 0, 0, 167, 17, 79, 35, 246, 52, 114, 79, 26, 97, 17, 150, 184, 167, 96, 185, 219, 211, 87, 238, 141, 45, 0, 0, 0, 0, 0, 0, 141, 45, 0, 0, 14, 9, 21, 0, 177, 54, 21, 0, 0, 0, 0, 0, 199, 54, 0, 0, 243, 254, 215, 255, 143, 53, 229, 255, 0, 0, 0, 0, 115, 53, 0, 0, 6, 0, 5, 0, 127, 53, 1, 0, 255, 255, 5, 0, 133, 53, 5, 0, 116, 10, 0, 0, 255, 63, 0, 0, 1, 128, 0, 0, 1, 192, 0, 0, 72, 94, 0, 0, 72, 30, 0, 0, 131, 246, 0, 0, 238, 238, 0, 4, 160, 0, 0, 0, 0, 0, 120, 119, 119, 63, 0, 0, 0, 0, 233, 92, 141, 61, 104, 224, 132, 61, 233, 133, 197, 53, 0, 0, 167, 17, 79, 35, 246, 52, 114, 79, 26, 97, 184, 167, 96, 185, 219, 211, 87, 238, 120, 241, 0, 0, 0, 0, 0, 0, 120, 241, 0, 0, 138, 142, 0, 0, 2, 128, 0, 0, 227, 63, 176, 0, 149, 192, 8, 1, 221, 255, 35, 0, 158, 193, 23, 0, 0, 0, 0, 0, 182, 193, 0, 0, 4, 0, 237, 255, 166, 193, 252, 255, 167, 243, 0, 0, 72, 181, 0, 0, 109, 117, 201, 33, 126, 76, 201, 33, 183, 17, 0, 0, 255, 127, 0, 0, 1, 139, 0, 0, 0, 8, 96, 0, 0, 0, 0, 0, 120, 119, 119, 63, 0, 0, 0, 0, 160, 167, 93, 64, 234, 102, 61, 64, 108, 155, 105, 57, 0, 0, 0, 0, 193, 167, 17, 65, 40, 245, 37, 191, 76, 8, 156, 57, 0, 0, 167, 17, 246, 52, 184, 167, 96, 185, 87, 238, 215, 191, 0, 0, 0, 0, 0, 0, 1, 128, 0, 0, 0, 0, 0, 0, 215, 191, 0, 0, 255, 127, 0, 0, 1, 128, 0, 0, 208, 95, 0, 0, 213, 63, 0, 0, 0, 0, 0, 0, 210, 223, 0, 0, 0, 0, 0, 0, 213, 63, 0, 0, 84, 0, 0, 0, 210, 223, 0, 0, 191, 248, 0, 0, 41, 64, 0, 0, 0, 0, 188, 249, 144, 216, 0, 0, 8, 96, 219, 41, 229, 57, 234, 253, 8, 209, 0, 0, 116, 98, 243, 13, 150, 15, 0, 0, 0, 12, 160, 0, 0, 0, 0, 0, 120, 119, 119, 63, 0, 0, 0, 0, 0, 0, 0, 0, 131, 117, 56, 188, 127, 230, 233, 52, 0, 0, 0, 0, 52, 43, 43, 62, 239, 199, 123, 62, 150, 226, 134, 54, 0, 0, 0, 0, 186, 11, 20, 190, 12, 147, 118, 190, 6, 167, 125, 54, 0, 0, 167, 17, 123, 26, 246, 52, 26, 97, 193, 114, 17, 150, 184, 167, 96, 185, 87, 238, 1, 128, 0, 0, 0, 0, 0, 0, 127, 76, 0, 0, 1, 128, 117, 244, 144, 156, 0, 0, 255, 127, 73, 9, 1, 128, 0, 0, 210, 32, 20, 19, 245, 192, 59, 250, 0, 0, 0, 0, 215, 37, 164, 4, 0, 0, 0, 0, 232, 179, 60, 57, 146, 103, 59, 16, 47, 187, 0, 0, 156, 35, 0, 0, 123, 42, 0, 0, 13, 219, 0, 0, 241, 100, 13, 27, 0, 0, 0, 0, 204, 222, 0, 0, 71, 239, 33, 250, 136, 5, 0, 0, 66, 29, 70, 10, 255, 127, 0, 0, 0, 0, 44, 255, 51, 200, 167, 253, 0, 0, 0, 0, 17, 45, 28, 4, 0, 0, 0, 0, 42, 127, 88, 254, 119, 250, 81, 252, 217, 197, 0, 0, 93, 0, 59, 0, 46, 49, 0, 0, 93, 255, 152, 255, 73, 116, 41, 254, 79, 254, 214, 253, 114, 198, 29, 0, 6, 0, 78, 0, 34, 48, 204, 255, 52, 0, 56, 255, 151, 110, 214, 253, 169, 251, 56, 255, 229, 198, 78, 0, 24, 1, 0, 0, 89, 47, 56, 255, 157, 252, 0, 0, 76, 103, 166, 253, 0, 0, 0, 0, 76, 200, 0, 0, 83, 253, 206, 250, 45, 43, 0, 0, 97, 32, 16, 14, 241, 100, 0, 0, 0, 0, 0, 0, 108, 192, 69, 254, 209, 244, 0, 0, 159, 89, 176, 4, 32, 5, 0, 0, 0, 4, 160, 0, 0, 0, 0, 0, 120, 119, 119, 63, 0, 0, 0, 0, 233, 128, 80, 191, 86, 249, 108, 191, 148, 36, 130, 55, 0, 0, 167, 17, 79, 35, 246, 52, 114, 79, 193, 114, 17, 150, 184, 167, 96, 185, 87, 238, 1, 192, 0, 0, 255, 127, 0, 0, 255, 63, 0, 0, 0, 0, 245, 245, 243, 53, 245, 245, 229, 170, 0, 0, 205, 214, 0, 0, 81, 17, 0, 0, 30, 232, 0, 0, 145, 246, 0, 0, 174, 222, 0, 0, 206, 0, 131, 0, 0, 224, 65, 0, 187, 0, 0, 0, 252, 224, 0, 0, 74, 253, 0, 0, 70, 222, 0, 0, 249, 35, 110, 15, 173, 17, 36, 5, 45, 5, 0, 0, 0, 4, 144, 0, 0, 0, 0, 0, 120, 119, 119, 63, 0, 0, 0, 0, 173, 49, 128, 62, 138, 143, 241, 61, 91, 207, 19, 55, 0, 0, 167, 17, 246, 52, 114, 79, 193, 114, 17, 150, 184, 167, 96, 185, 87, 238, 85, 207, 0, 0, 29, 21, 39, 0, 154, 228, 78, 0, 0, 0, 0, 0, 232, 228, 0, 0, 96, 230, 0, 251, 71, 198, 85, 249, 0, 0, 0, 0, 155, 191, 0, 0, 60, 1, 201, 0, 161, 193, 100, 0, 31, 1, 0, 0, 37, 195, 0, 0, 67, 253, 0, 0, 103, 192, 0, 0, 254, 127, 0, 0, 101, 64, 0, 0, 82, 250, 0, 0, 238, 238, 0, 12, 128, 0, 0, 0, 0, 0, 120, 119, 119, 63, 0, 0, 0, 0, 232, 110, 22, 189, 168, 142, 209, 187, 151, 42, 174, 54, 0, 0, 0, 0, 35, 177, 111, 191, 127, 40, 1, 191, 221, 170, 130, 55, 0, 0, 0, 0, 82, 84, 216, 188, 238, 162, 233, 188, 160, 169, 36, 54, 0, 0, 167, 17, 246, 52, 114, 79, 105, 132, 184, 167, 96, 185, 87, 238, 99, 6, 0, 0, 250, 72, 0, 0, 104, 69, 0, 0, 169, 20, 224, 3, 60, 131, 0, 0, 31, 73, 253, 14, 93, 79, 0, 0, 141, 241, 165, 243, 241, 93, 192, 7, 152, 2, 0, 0, 89, 219, 250, 29, 207, 16, 0, 0, 142, 52, 188, 246, 51, 227, 0, 0, 74, 104, 0, 0, 60, 246, 0, 0, 34, 10, 0, 0, 76, 251, 92, 255, 123, 14, 0, 0, 105, 27, 0, 0, 134, 94, 0, 0, 42, 4, 0, 0, 202, 4, 184, 254, 0, 0, 0, 0, 229, 41, 0, 0, 0, 0, 0, 0, 176, 98, 0, 0, 0, 0, 0, 0, 130, 3, 0, 0, 0, 0, 0, 0, 229, 41, 0, 0, 188, 6, 0, 0, 176, 98, 0, 0, 150, 9, 0, 0, 130, 3, 0, 0, 68, 249, 0, 0, 161, 48, 0, 0, 1, 128, 0, 0, 70, 108, 0, 0, 1, 128, 221, 201, 198, 252, 0, 0, 255, 127, 0, 0, 163, 176, 0, 0, 137, 56, 0, 0, 37, 182, 245, 237, 161, 239, 0, 0, 196, 124, 0, 0, 153, 134, 0, 0, 0, 4, 176, 0, 0, 0, 0, 0, 120, 119, 119, 63, 0, 0, 0, 0, 4, 198, 170, 62, 238, 245, 9, 62, 162, 155, 13, 55, 0, 0, 167, 17, 79, 35, 202, 61, 70, 88, 149, 123, 17, 150, 184, 167, 96, 185, 219, 211, 87, 238, 102, 152, 0, 0, 255, 127, 0, 0, 100, 24, 0, 0, 0, 0, 84, 255, 184, 23, 254, 254, 215, 208, 0, 0, 141, 231, 0, 0, 190, 15, 0, 0, 75, 247, 0, 0, 100, 255, 176, 255, 94, 246, 196, 255, 214, 255, 173, 255, 163, 245, 201, 255, 55, 0, 24, 255, 186, 244, 24, 255, 116, 245, 0, 0, 69, 233, 0, 0, 85, 126, 0, 0, 154, 103, 0, 0, 49, 238, 0, 0, 202, 85, 0, 0, 56, 6, 0, 0, 238, 238, 0, 12, 144, 0, 0, 0, 0, 0, 120, 119, 119, 63, 0, 0, 0, 0, 51, 243, 18, 61, 247, 227, 146, 62, 146, 134, 0, 55, 0, 0, 0, 0, 173, 228, 204, 61, 145, 27, 60, 62, 231, 132, 50, 54, 0, 0, 0, 0, 205, 169, 1, 188, 8, 115, 232, 61, 51, 170, 120, 54, 0, 0, 246, 52, 26, 97, 193, 114, 17, 150, 184, 167, 96, 185, 219, 211, 87, 238, 255, 127, 0, 0, 0, 0, 0, 0, 94, 112, 0, 0, 0, 0, 0, 0, 254, 127, 0, 0, 0, 0, 0, 0, 255, 127, 0, 0, 190, 243, 178, 251, 94, 112, 0, 0, 31, 246, 136, 252, 255, 127, 0, 0, 59, 242, 42, 251, 110, 111, 72, 254, 0, 0, 0, 0, 4, 99, 157, 254, 0, 0, 0, 0, 98, 109, 17, 254, 0, 0, 0, 0, 181, 109, 0, 0, 68, 0, 43, 0, 160, 97, 0, 0, 55, 0, 35, 0, 115, 107, 0, 0, 77, 0, 49, 0, 37, 110, 21, 0, 235, 255, 84, 0, 251, 97, 17, 0, 50, 0, 0, 0, 241, 107, 24, 0, 232, 255, 94, 0, 122, 110, 84, 0, 161, 6, 0, 0, 63, 98, 0, 0, 111, 254, 0, 0, 80, 108, 94, 0, 192, 10, 0, 0, 111, 117, 0, 0, 8, 215, 81, 220, 173, 96, 0, 0, 41, 26, 0, 0, 111, 119, 0, 0, 230, 168, 131, 216, 198, 40, 81, 220, 251, 187, 63, 222, 214, 122, 0, 0, 1, 128, 222, 206, 216, 248, 131, 216, 221, 200, 71, 240, 81, 159, 128, 233, 50, 247, 0, 0, 182, 201, 63, 223, 54, 220, 0, 0, 125, 138, 133, 245, 0, 0, 0, 0, 238, 238, 0, 0, 0, 0, 0, 0, 0, 0, 0, 0, 0, 0, 0, 0, 0, 0, 0, 0, 0, 128, 0, 0, 0, 128, 0, 0, 0, 128, 0, 0, 128, 63, 0, 0, 0, 128, 0, 0, 0, 128, 0, 0, 0, 128, 0, 0, 128, 63, 0, 0, 128, 63, 0, 0, 128, 63, 0, 0, 128, 63, 0, 0, 128, 63, 0, 0, 128, 63, 0, 0, 128, 63, 0, 0, 128, 63, 0, 0, 128, 63, 0, 0, 128, 63, 0, 0, 128, 63, 0, 0, 128, 63, 0, 0, 128, 63, 0, 0, 128, 63, 0, 0, 128, 63, 0, 0, 128, 63, 0, 0, 128, 63, 0, 0, 128, 63, 0, 0, 128, 63, 0, 0, 128, 63, 0, 0, 128, 63, 0, 0, 128, 63, 0, 0, 128, 63, 0, 0, 128, 63, 0, 0, 128, 63, 0, 0, 128, 63, 0, 0, 128, 63, 0, 0, 128, 63]
			ComponentFamilyPool[0001]
			TREE
			VariantGroupPool[0001]
			TREE
			MinTime[0013]
			0.0
			MaxTime[0013]
			0.966666698456
			LayerBindPool[0001]
			TREE
				LayerBind[0005]
				0
					Name[000b]
					Main
					ConnectionTemplate[000b]
					characters/biped/biped.ct
					AttachName[000b]
					
					ChannelName[000b]
					
					Flags[001b]
					0
					ClipDataNodeRef[001b]
					0
					ClipDataCommandBlockOffset[001b]
					0
	AssetPool[0001]
	TREE
		Asset[0005]
		0
			Name[000b]
			Root
			SubNetworkRef[001b]
			0
			SceneTreeNodeRef[001b]
			255
			AggregateCount[001b]
			0
	ExporterDate[000b]
	Feb 18 2016
	ExporterTime[000b]
	09:27:53
