[0001]
TREE
	SubNetworkPool[0001]
	TREE
		SubNetwork[0005]
		0
			Type[000b]
			Clip
			ConstantHeaderCount[001b]
			1
			VariableHeaderCount[001b]
			0
			ConstantDataNodeCount[001b]
			1
			VariableDataNodeCount[001b]
			0
			ProcessorNodeCount[001b]
			0
			ConstantAccumulatedSize32[0001]
			TREE
				1[011a]
				[1, 4912, 1, 4, 12, 1]
			ConstantAccumulatedSize64[0001]
			TREE
				1[011a]
				[1, 4912, 1, 8, 16, 1]
			BasisCount[001b]
			0
			BasisConversionCount[001b]
			0
			ComponentFamilyCount[001b]
			0
			ComponentMemberCount[001b]
			0
			VariantGroupCount[001b]
			0
			VariantMemberCount[001b]
			0
			LayerBindCount[001b]
			1
			LayerBindAdditionalSize[001b]
			4
			BaseDataNodeLinksCount[001b]
			0
			BasisPool[0001]
			TREE
				Basis[0005]
				0
					Type[000b]
					Geometry3d
					Behavior[000b]
					Root
				Basis[0005]
				1
					Type[000b]
					Visibility
					Behavior[000b]
					Root
			HeaderStrings[000a]
			['ClipData-vis_am_hvr_stopr']
			HeaderStringIndices[001a]
			[0]
			HeaderLayout[001a]
			[0, 1]
			ConstantLayoutCount[001b]
			2
			DataNodePool[0001]
			TREE
				DataNode[0005]
				0
					Header[001b]
					1
					Type[000b]
					ClipData
					Static[001b]
					1
					External[001b]
					1
					ClipDataBlock[0063]
					[0, 0, 0, 0, 171, 170, 170, 63, 1, 0, 15, 0, 160, 18, 0, 0, 80, 0, 0, 0, 32, 3, 0, 0, 84, 4, 0, 0, 144, 4, 0, 0, 192, 5, 0, 0, 88, 9, 0, 0, 156, 9, 0, 0, 36, 10, 0, 0, 252, 11, 0, 0, 160, 12, 0, 0, 68, 13, 0, 0, 148, 13, 0, 0, 56, 14, 0, 0, 80, 16, 0, 0, 244, 16, 0, 0, 56, 17, 0, 0, 66, 0, 15, 0, 0, 0, 1, 0, 2, 0, 3, 0, 4, 0, 5, 0, 6, 0, 7, 0, 8, 0, 9, 0, 10, 0, 11, 0, 12, 0, 13, 0, 14, 0, 32, 1, 19, 0, 33, 34, 90, 128, 182, 128, 186, 128, 18, 33, 20, 33, 124, 129, 143, 129, 51, 66, 174, 34, 234, 34, 238, 34, 242, 34, 243, 34, 252, 66, 254, 34, 255, 34, 118, 33, 137, 33, 149, 16, 0, 0, 1, 0, 2, 0, 17, 0, 6, 0, 18, 0, 7, 0, 19, 0, 8, 0, 149, 16, 9, 0, 10, 0, 11, 0, 17, 0, 12, 0, 18, 0, 28, 0, 19, 0, 13, 0, 149, 16, 14, 0, 15, 0, 16, 0, 17, 0, 29, 0, 18, 0, 30, 0, 19, 0, 31, 0, 149, 16, 32, 0, 33, 0, 34, 0, 149, 16, 17, 0, 18, 0, 19, 0, 149, 16, 35, 0, 36, 0, 37, 0, 17, 0, 38, 0, 18, 0, 20, 0, 19, 0, 39, 0, 149, 16, 21, 0, 22, 0, 23, 0, 17, 0, 41, 0, 18, 0, 44, 0, 19, 0, 42, 0, 149, 16, 45, 0, 46, 0, 47, 0, 19, 0, 48, 0, 149, 16, 49, 0, 50, 0, 51, 0, 149, 16, 3, 0, 4, 0, 5, 0, 149, 16, 24, 0, 25, 0, 26, 0, 149, 16, 56, 0, 57, 0, 58, 0, 144, 16, 27, 0, 0, 0, 0, 0, 144, 16, 59, 0, 0, 0, 0, 0, 19, 0, 52, 0, 149, 16, 53, 0, 54, 0, 55, 0, 149, 16, 60, 0, 61, 0, 62, 0, 149, 16, 63, 0, 64, 0, 65, 0, 26, 0, 40, 0, 26, 0, 43, 0, 66, 0, 241, 65, 12, 66, 33, 34, 253, 64, 18, 33, 20, 33, 51, 66, 71, 34, 73, 34, 152, 66, 174, 34, 234, 34, 238, 34, 244, 34, 245, 34, 252, 66, 254, 34, 255, 34, 41, 67, 48, 67, 227, 33, 229, 33, 230, 33, 231, 33, 232, 33, 233, 33, 234, 33, 235, 33, 236, 33, 237, 33, 238, 33, 239, 33, 224, 33, 254, 33, 0, 34, 1, 34, 2, 34, 3, 34, 4, 34, 5, 34, 6, 34, 7, 34, 8, 34, 9, 34, 10, 34, 251, 33, 29, 34, 114, 33, 115, 33, 117, 33, 122, 33, 123, 33, 133, 33, 134, 33, 136, 33, 141, 33, 142, 33, 251, 34, 37, 35, 38, 35, 39, 35, 40, 35, 44, 35, 45, 35, 46, 35, 47, 35, 0, 0, 1, 0, 4, 0, 4, 0, 0, 0, 1, 0, 4, 0, 8, 0, 0, 0, 1, 0, 0, 0, 1, 0, 4, 0, 12, 0, 0, 0, 1, 0, 0, 0, 1, 0, 1, 0, 0, 0, 2, 0, 0, 0, 0, 0, 1, 0, 0, 0, 1, 0, 0, 0, 1, 0, 4, 0, 12, 0, 0, 0, 1, 0, 0, 0, 1, 0, 0, 0, 1, 0, 4, 0, 12, 0, 4, 0, 12, 0, 1, 0, 0, 0, 2, 0, 0, 0, 0, 0, 1, 0, 0, 0, 1, 0, 0, 0, 1, 0, 4, 0, 16, 0, 0, 0, 1, 0, 4, 0, 20, 0, 10, 0, 24, 0, 10, 0, 0, 0, 10, 0, 25, 0, 10, 0, 26, 0, 10, 0, 27, 0, 10, 0, 26, 0, 10, 0, 0, 0, 10, 0, 0, 0, 10, 0, 0, 0, 10, 0, 0, 0, 10, 0, 0, 0, 10, 0, 0, 0, 10, 0, 28, 0, 10, 0, 29, 0, 10, 0, 0, 0, 10, 0, 30, 0, 10, 0, 31, 0, 10, 0, 32, 0, 10, 0, 33, 0, 10, 0, 0, 0, 10, 0, 0, 0, 10, 0, 0, 0, 10, 0, 0, 0, 10, 0, 0, 0, 10, 0, 0, 0, 10, 0, 28, 0, 10, 0, 0, 0, 10, 0, 0, 0, 10, 0, 0, 0, 10, 0, 0, 0, 10, 0, 0, 0, 10, 0, 0, 0, 10, 0, 0, 0, 10, 0, 0, 0, 10, 0, 0, 0, 10, 0, 0, 0, 10, 0, 0, 0, 10, 0, 0, 0, 10, 0, 0, 0, 10, 0, 0, 0, 10, 0, 0, 0, 10, 0, 34, 0, 10, 0, 0, 0, 10, 0, 0, 0, 10, 0, 0, 0, 10, 0, 35, 0, 238, 238, 0, 24, 64, 0, 0, 0, 0, 0, 171, 170, 170, 63, 120, 82, 186, 61, 15, 183, 5, 190, 120, 139, 66, 60, 99, 157, 1, 55, 53, 166, 215, 61, 204, 124, 196, 187, 74, 103, 231, 60, 236, 142, 220, 53, 220, 228, 245, 60, 199, 127, 2, 60, 127, 241, 191, 60, 9, 179, 151, 53, 253, 87, 11, 188, 75, 46, 99, 62, 253, 47, 38, 62, 69, 204, 7, 54, 122, 213, 143, 62, 156, 68, 125, 60, 60, 163, 37, 189, 140, 27, 90, 54, 70, 40, 225, 188, 102, 145, 113, 59, 243, 15, 123, 60, 22, 173, 190, 52, 0, 0, 255, 63, 255, 127, 204, 204, 228, 48, 28, 5, 78, 10, 235, 255, 248, 253, 207, 27, 121, 66, 38, 245, 102, 46, 134, 11, 72, 44, 198, 234, 126, 146, 46, 254, 154, 251, 192, 0, 1, 128, 132, 37, 105, 32, 158, 42, 255, 127, 106, 222, 60, 225, 151, 219, 58, 64, 235, 255, 19, 239, 46, 1, 102, 81, 38, 245, 1, 128, 77, 246, 250, 80, 198, 234, 2, 128, 69, 243, 5, 141, 192, 0, 29, 254, 31, 11, 142, 240, 158, 42, 207, 78, 187, 21, 59, 27, 151, 219, 128, 192, 56, 238, 101, 48, 107, 1, 76, 46, 235, 231, 219, 188, 93, 244, 5, 99, 39, 253, 6, 175, 185, 240, 179, 87, 129, 5, 1, 151, 88, 13, 21, 6, 254, 43, 182, 127, 20, 26, 79, 242, 229, 243, 137, 165, 169, 234, 43, 29, 127, 248, 7, 72, 242, 239, 1, 128, 0, 0, 98, 17, 26, 254, 64, 184, 223, 230, 244, 252, 171, 3, 164, 185, 73, 16, 110, 214, 84, 29, 254, 127, 59, 255, 255, 127, 238, 247, 10, 226, 57, 233, 220, 165, 255, 250, 218, 20, 77, 202, 0, 4, 48, 0, 0, 0, 0, 0, 171, 170, 170, 63, 250, 239, 161, 188, 47, 28, 136, 56, 93, 91, 88, 190, 143, 98, 22, 55, 0, 0, 204, 76, 255, 191, 88, 167, 218, 254, 180, 253, 0, 0, 230, 163, 0, 0, 255, 127, 121, 39, 93, 75, 237, 21, 53, 3, 154, 247, 238, 238, 0, 20, 80, 0, 0, 0, 0, 0, 171, 170, 170, 63, 23, 129, 85, 60, 251, 58, 168, 188, 253, 240, 172, 189, 224, 25, 116, 54, 54, 74, 213, 185, 131, 153, 229, 61, 242, 21, 29, 61, 64, 239, 78, 54, 114, 47, 16, 59, 255, 29, 76, 61, 42, 68, 94, 61, 122, 149, 39, 54, 131, 66, 251, 184, 99, 254, 32, 59, 119, 33, 171, 186, 181, 135, 158, 52, 251, 136, 137, 58, 62, 229, 136, 58, 23, 238, 203, 60, 15, 52, 145, 53, 0, 0, 255, 31, 204, 76, 153, 153, 255, 191, 95, 187, 199, 0, 70, 253, 72, 4, 181, 190, 249, 255, 53, 0, 188, 255, 140, 170, 48, 0, 155, 254, 199, 1, 137, 17, 234, 255, 164, 0, 47, 255, 204, 169, 53, 0, 119, 254, 245, 1, 180, 189, 254, 5, 189, 15, 195, 6, 159, 190, 161, 255, 95, 0, 43, 254, 30, 171, 125, 2, 131, 253, 60, 12, 69, 17, 219, 254, 37, 1, 94, 250, 109, 170, 189, 2, 67, 253, 120, 13, 52, 218, 151, 11, 67, 2, 161, 247, 202, 188, 220, 252, 126, 234, 110, 254, 91, 183, 250, 20, 255, 127, 33, 9, 162, 11, 87, 246, 170, 207, 152, 252, 230, 183, 23, 23, 255, 127, 56, 7, 176, 223, 209, 251, 5, 233, 0, 0, 145, 162, 55, 255, 146, 252, 91, 23, 116, 85, 144, 4, 248, 145, 116, 244, 60, 206, 76, 254, 85, 35, 113, 12, 52, 86, 156, 3, 30, 148, 118, 234, 132, 196, 0, 0, 255, 127, 31, 0, 181, 181, 238, 38, 254, 127, 205, 0, 113, 224, 193, 236, 224, 43, 0, 0, 79, 252, 188, 20, 255, 127, 187, 160, 101, 216, 26, 220, 215, 217, 142, 27, 238, 238, 0, 64, 80, 0, 0, 0, 0, 0, 171, 170, 170, 63, 88, 183, 206, 60, 0, 0, 0, 0, 203, 85, 136, 186, 189, 164, 229, 51, 242, 3, 73, 61, 0, 0, 0, 0, 70, 147, 4, 187, 124, 79, 95, 52, 22, 221, 4, 63, 102, 117, 9, 61, 0, 80, 159, 184, 227, 186, 18, 54, 227, 139, 18, 63, 66, 26, 191, 62, 18, 117, 138, 62, 123, 30, 121, 54, 246, 17, 177, 190, 240, 183, 35, 188, 55, 108, 130, 189, 24, 206, 33, 54, 208, 168, 137, 63, 254, 24, 214, 62, 146, 82, 241, 62, 15, 76, 231, 54, 82, 186, 134, 62, 0, 0, 0, 0, 205, 56, 124, 61, 148, 49, 2, 54, 77, 170, 200, 62, 0, 0, 0, 0, 72, 84, 189, 61, 133, 116, 67, 54, 123, 141, 77, 62, 214, 241, 72, 62, 26, 66, 119, 61, 29, 215, 253, 54, 200, 13, 224, 190, 224, 192, 135, 63, 203, 245, 70, 63, 101, 39, 80, 55, 89, 190, 163, 191, 111, 168, 167, 60, 58, 40, 24, 62, 67, 99, 20, 55, 148, 121, 135, 191, 48, 46, 30, 190, 128, 203, 6, 60, 53, 156, 166, 54, 175, 71, 104, 62, 191, 152, 16, 62, 93, 91, 77, 62, 119, 197, 134, 54, 2, 22, 111, 63, 47, 82, 175, 190, 203, 110, 173, 190, 160, 106, 148, 54, 103, 190, 115, 61, 142, 196, 184, 62, 154, 143, 184, 61, 111, 96, 37, 55, 45, 34, 0, 190, 126, 242, 121, 190, 126, 154, 176, 190, 46, 19, 138, 54, 0, 0, 51, 19, 255, 63, 255, 127, 255, 191, 1, 128, 185, 30, 124, 37, 247, 23, 1, 128, 185, 30, 124, 37, 247, 23, 1, 128, 232, 30, 181, 37, 27, 24, 206, 147, 20, 20, 127, 24, 169, 15, 37, 111, 83, 237, 55, 233, 111, 241, 78, 152, 80, 20, 117, 17, 43, 23, 147, 182, 169, 17, 45, 15, 36, 20, 42, 184, 133, 17, 15, 15, 251, 19, 132, 233, 116, 3, 67, 4, 165, 2, 79, 231, 105, 251, 168, 250, 42, 252, 223, 74, 43, 237, 80, 233, 7, 241, 255, 127, 63, 228, 209, 221, 174, 234, 221, 31, 90, 7, 248, 8, 188, 5, 200, 148, 126, 27, 138, 33, 113, 21, 181, 148, 201, 0, 245, 0, 156, 0, 111, 205, 11, 252, 153, 252, 124, 251, 47, 220, 235, 55, 19, 69, 124, 22, 47, 220, 235, 55, 19, 69, 124, 22, 187, 220, 64, 56, 177, 69, 104, 22, 10, 208, 139, 36, 150, 46, 63, 13, 29, 55, 3, 222, 42, 223, 46, 233, 64, 213, 15, 54, 215, 103, 216, 12, 142, 235, 255, 46, 244, 100, 124, 0, 186, 236, 160, 46, 84, 100, 80, 0, 226, 243, 45, 6, 112, 7, 128, 2, 136, 217, 12, 247, 83, 247, 9, 249, 95, 18, 16, 221, 248, 200, 187, 252, 187, 44, 64, 206, 228, 184, 231, 246, 237, 53, 98, 13, 143, 41, 91, 236, 66, 231, 9, 50, 109, 85, 128, 252, 16, 151, 110, 1, 15, 1, 72, 1, 142, 193, 119, 245, 188, 217, 134, 15, 169, 111, 30, 32, 2, 251, 53, 245, 169, 111, 30, 32, 2, 251, 53, 245, 21, 113, 3, 32, 90, 5, 141, 233, 107, 48, 236, 18, 225, 249, 85, 243, 120, 221, 103, 223, 4, 219, 249, 248, 255, 127, 89, 18, 38, 203, 86, 213, 255, 127, 178, 0, 20, 153, 86, 213, 255, 127, 114, 0, 59, 153, 86, 213, 255, 3, 146, 3, 226, 10, 165, 243, 239, 192, 13, 246, 135, 240, 70, 255, 33, 181, 83, 251, 214, 49, 60, 24, 198, 170, 1, 243, 64, 69, 106, 7, 57, 89, 239, 227, 1, 128, 158, 233, 56, 107, 0, 251, 1, 128, 136, 231, 214, 154, 213, 1, 123, 251, 66, 8, 71, 160, 45, 22, 39, 115, 13, 9, 255, 127, 53, 245, 178, 200, 0, 241, 255, 127, 53, 245, 178, 200, 0, 241, 255, 127, 141, 233, 36, 140, 175, 244, 141, 48, 85, 243, 149, 182, 240, 9, 219, 144, 249, 248, 116, 8, 5, 33, 211, 50, 86, 213, 87, 133, 130, 242, 26, 239, 86, 213, 107, 205, 39, 238, 2, 239, 86, 213, 128, 205, 43, 238, 24, 6, 165, 243, 111, 181, 173, 10, 200, 166, 70, 255, 196, 248, 189, 29, 135, 250, 60, 24, 78, 60, 124, 247, 112, 234, 106, 7, 38, 247, 67, 238, 199, 166, 158, 233, 70, 61, 64, 5, 194, 205, 136, 231, 71, 27, 212, 7, 104, 160, 66, 8, 232, 1, 208, 33, 168, 50, 13, 9, 97, 147, 130, 7, 228, 46, 0, 241, 26, 6, 0, 0, 228, 46, 0, 241, 26, 6, 0, 0, 94, 234, 175, 244, 152, 91, 114, 1, 104, 228, 240, 9, 255, 127, 220, 253, 77, 179, 5, 33, 254, 127, 170, 2, 1, 128, 130, 242, 35, 118, 56, 249, 1, 128, 39, 238, 219, 21, 0, 0, 2, 128, 43, 238, 215, 21, 0, 0, 216, 185, 173, 10, 255, 127, 164, 1, 142, 188, 189, 29, 255, 127, 239, 254, 141, 70, 124, 247, 1, 128, 96, 9, 66, 215, 67, 238, 45, 144, 79, 42, 236, 210, 64, 5, 146, 252, 141, 241, 102, 216, 212, 7, 233, 33, 155, 250, 99, 204, 208, 33, 254, 127, 26, 253, 155, 214, 130, 7, 255, 127, 157, 1, 238, 238, 0, 4, 64, 0, 0, 0, 0, 0, 171, 170, 170, 63, 65, 68, 219, 59, 0, 0, 0, 0, 202, 156, 144, 185, 2, 150, 243, 50, 0, 0, 51, 19, 255, 63, 255, 127, 1, 128, 185, 30, 124, 37, 247, 23, 47, 220, 235, 55, 19, 69, 124, 22, 169, 111, 30, 32, 2, 251, 53, 245, 255, 127, 106, 234, 151, 187, 0, 0, 0, 8, 80, 0, 0, 0, 0, 0, 171, 170, 170, 63, 138, 166, 173, 60, 0, 0, 0, 0, 152, 109, 94, 59, 58, 32, 11, 52, 136, 49, 184, 187, 0, 0, 0, 0, 183, 238, 107, 186, 158, 146, 19, 51, 0, 0, 255, 63, 153, 89, 204, 140, 255, 191, 44, 161, 1, 71, 76, 96, 182, 45, 212, 94, 255, 184, 180, 159, 74, 210, 47, 118, 72, 18, 245, 242, 189, 229, 209, 137, 184, 237, 11, 13, 67, 26, 41, 97, 122, 203, 1, 128, 45, 221, 215, 158, 134, 52, 255, 127, 211, 34, 209, 137, 45, 221, 51, 38, 5, 3, 47, 118, 211, 34, 205, 217, 251, 252, 55, 144, 199, 3, 176, 5, 0, 0, 201, 111, 57, 252, 80, 250, 0, 0, 238, 238, 0, 28, 96, 0, 0, 0, 0, 0, 171, 170, 170, 63, 148, 220, 40, 189, 0, 0, 0, 0, 70, 75, 216, 187, 5, 74, 135, 52, 78, 211, 56, 190, 47, 147, 134, 61, 111, 253, 0, 189, 197, 111, 73, 54, 5, 205, 80, 62, 116, 73, 155, 190, 182, 147, 111, 190, 130, 255, 13, 54, 26, 45, 220, 190, 188, 227, 0, 61, 97, 238, 195, 60, 18, 194, 28, 54, 0, 0, 0, 0, 76, 100, 160, 62, 109, 253, 49, 62, 181, 95, 172, 54, 0, 0, 0, 0, 0, 0, 0, 0, 176, 73, 169, 186, 120, 255, 63, 52, 0, 0, 0, 0, 0, 0, 0, 0, 65, 163, 108, 189, 189, 143, 96, 54, 0, 0, 255, 63, 153, 89, 204, 140, 255, 191, 101, 230, 212, 94, 255, 184, 180, 159, 74, 210, 205, 207, 231, 229, 145, 220, 61, 239, 32, 255, 211, 41, 247, 52, 175, 30, 254, 127, 25, 176, 37, 157, 13, 195, 105, 10, 0, 0, 44, 253, 212, 2, 163, 18, 0, 0, 91, 32, 165, 223, 242, 64, 0, 0, 96, 6, 160, 249, 209, 137, 184, 237, 11, 13, 67, 26, 129, 129, 76, 249, 153, 4, 254, 9, 153, 124, 70, 12, 132, 253, 156, 249, 73, 144, 159, 231, 112, 3, 168, 4, 105, 10, 33, 1, 178, 23, 16, 243, 163, 18, 15, 243, 176, 142, 91, 246, 242, 64, 115, 253, 20, 248, 177, 239, 215, 158, 134, 52, 254, 127, 211, 34, 101, 137, 252, 19, 192, 46, 80, 15, 255, 127, 56, 243, 46, 231, 176, 232, 2, 128, 81, 9, 72, 22, 154, 26, 78, 22, 32, 230, 106, 166, 32, 243, 189, 138, 181, 236, 73, 29, 22, 39, 40, 38, 97, 223, 83, 161, 72, 7, 47, 118, 211, 34, 205, 217, 251, 252, 114, 219, 80, 15, 169, 247, 219, 2, 19, 67, 176, 232, 228, 225, 118, 230, 54, 186, 154, 26, 237, 41, 228, 32, 248, 149, 32, 243, 209, 52, 36, 11, 210, 187, 22, 39, 254, 127, 92, 18, 37, 174, 72, 7, 255, 127, 112, 28, 201, 111, 188, 253, 178, 250, 28, 254, 70, 229, 36, 2, 98, 228, 165, 30, 29, 244, 217, 236, 65, 243, 200, 232, 162, 31, 171, 24, 100, 50, 51, 252, 13, 201, 91, 8, 223, 222, 50, 32, 67, 117, 197, 13, 254, 170, 49, 238, 219, 81, 84, 21, 36, 223, 30, 253, 81, 102, 189, 254, 67, 1, 0, 0, 113, 234, 110, 20, 254, 127, 162, 255, 253, 188, 133, 240, 240, 211, 144, 254, 229, 102, 120, 253, 148, 166, 176, 1, 122, 208, 118, 21, 255, 127, 25, 4, 55, 28, 33, 244, 223, 11, 0, 0, 113, 67, 20, 254, 236, 1, 0, 0, 0, 12, 64, 0, 0, 0, 0, 0, 171, 170, 170, 63, 255, 152, 52, 191, 235, 94, 53, 189, 85, 199, 130, 190, 69, 144, 10, 55, 44, 66, 29, 189, 125, 176, 227, 61, 146, 121, 107, 61, 20, 156, 35, 54, 73, 116, 10, 191, 0, 0, 0, 0, 134, 198, 174, 189, 100, 237, 78, 54, 0, 0, 51, 19, 255, 63, 255, 191, 167, 215, 225, 244, 185, 240, 9, 249, 5, 184, 244, 253, 78, 253, 153, 254, 172, 68, 42, 233, 1, 228, 83, 238, 74, 182, 192, 239, 24, 220, 224, 15, 222, 177, 186, 252, 218, 249, 138, 1, 40, 0, 192, 214, 202, 192, 50, 252, 1, 146, 92, 45, 255, 127, 162, 46, 251, 169, 102, 4, 21, 239, 59, 38, 228, 147, 31, 245, 8, 27, 12, 48, 255, 109, 81, 23, 100, 226, 42, 252, 177, 195, 29, 19, 255, 127, 57, 255, 24, 212, 6, 24, 255, 127, 0, 0, 0, 12, 64, 0, 0, 0, 0, 0, 171, 170, 170, 63, 224, 207, 141, 191, 120, 229, 243, 61, 108, 105, 100, 190, 114, 47, 47, 55, 108, 33, 95, 61, 149, 106, 54, 190, 22, 117, 164, 189, 204, 55, 133, 54, 16, 40, 78, 63, 0, 0, 0, 0, 202, 198, 166, 188, 164, 167, 233, 53, 0, 0, 51, 19, 102, 102, 50, 179, 116, 169, 48, 242, 56, 229, 40, 255, 207, 90, 201, 1, 59, 3, 87, 0, 1, 128, 59, 60, 119, 104, 255, 15, 1, 128, 86, 252, 204, 1, 200, 29, 43, 96, 122, 1, 148, 4, 10, 250, 179, 52, 84, 69, 30, 1, 216, 4, 236, 155, 125, 27, 102, 78, 3, 38, 67, 96, 127, 250, 23, 3, 234, 223, 255, 127, 120, 4, 232, 217, 72, 242, 210, 43, 3, 38, 170, 45, 126, 0, 195, 61, 234, 223, 1, 128, 14, 2, 167, 80, 72, 242, 191, 234, 0, 0, 0, 4, 80, 0, 0, 0, 0, 0, 171, 170, 170, 63, 150, 36, 118, 62, 154, 19, 222, 61, 204, 56, 92, 60, 5, 142, 66, 54, 0, 0, 51, 19, 204, 76, 102, 102, 50, 179, 1, 128, 203, 10, 38, 18, 113, 3, 101, 160, 84, 10, 171, 252, 238, 1, 83, 169, 219, 0, 17, 248, 133, 6, 197, 168, 145, 19, 100, 23, 223, 35, 155, 247, 223, 35, 201, 99, 187, 0, 238, 238, 0, 12, 64, 0, 0, 0, 0, 0, 171, 170, 170, 63, 216, 28, 39, 189, 156, 248, 113, 63, 34, 84, 54, 63, 108, 31, 12, 55, 66, 198, 47, 191, 156, 153, 189, 189, 45, 116, 84, 190, 217, 223, 217, 54, 1, 92, 247, 191, 24, 234, 83, 62, 108, 222, 35, 189, 173, 227, 252, 54, 0, 0, 51, 19, 204, 76, 50, 179, 29, 187, 94, 255, 17, 2, 170, 252, 191, 86, 60, 242, 62, 230, 58, 254, 43, 17, 157, 222, 83, 201, 232, 243, 52, 185, 252, 245, 96, 225, 123, 2, 113, 45, 172, 250, 45, 41, 36, 240, 3, 173, 182, 219, 189, 241, 141, 5, 9, 147, 104, 4, 234, 12, 130, 41, 109, 65, 205, 227, 83, 131, 180, 0, 1, 128, 222, 9, 163, 32, 194, 48, 224, 205, 34, 31, 255, 127, 247, 255, 65, 169, 135, 0, 255, 127, 88, 27, 70, 219, 145, 36, 154, 101, 140, 26, 0, 32, 96, 0, 0, 0, 0, 0, 171, 170, 170, 63, 159, 222, 248, 57, 0, 0, 0, 0, 140, 224, 186, 188, 57, 14, 73, 53, 0, 14, 26, 61, 36, 208, 112, 62, 167, 108, 197, 61, 30, 188, 209, 54, 178, 22, 250, 190, 56, 214, 102, 190, 71, 205, 164, 189, 105, 33, 191, 54, 216, 222, 130, 191, 208, 139, 18, 189, 83, 215, 5, 189, 17, 196, 63, 54, 42, 108, 196, 57, 0, 0, 0, 0, 16, 207, 186, 188, 130, 104, 77, 53, 15, 92, 248, 60, 193, 42, 34, 62, 72, 43, 80, 61, 1, 27, 153, 54, 166, 173, 196, 190, 80, 242, 140, 190, 250, 44, 221, 189, 212, 208, 212, 54, 35, 146, 79, 191, 12, 123, 158, 59, 213, 252, 212, 188, 105, 150, 24, 54, 0, 0, 255, 31, 153, 89, 255, 127, 153, 153, 255, 191, 7, 137, 35, 0, 10, 255, 60, 1, 251, 189, 78, 1, 89, 2, 67, 0, 104, 99, 101, 237, 32, 231, 169, 243, 120, 116, 91, 178, 1, 128, 180, 228, 152, 139, 27, 0, 66, 255, 244, 0, 143, 205, 113, 1, 104, 2, 122, 0, 8, 103, 220, 242, 204, 239, 235, 245, 21, 116, 157, 178, 2, 128, 57, 229, 113, 137, 57, 2, 46, 255, 146, 8, 230, 193, 121, 0, 230, 253, 237, 255, 148, 43, 201, 233, 6, 233, 88, 253, 136, 139, 221, 206, 234, 44, 218, 7, 233, 139, 184, 1, 45, 254, 208, 7, 226, 209, 219, 0, 201, 254, 10, 0, 154, 63, 218, 237, 125, 233, 101, 251, 235, 139, 204, 207, 160, 46, 201, 8, 107, 147, 183, 5, 102, 244, 199, 38, 50, 192, 243, 255, 243, 5, 107, 251, 186, 251, 59, 254, 105, 24, 234, 11, 41, 143, 60, 5, 44, 13, 58, 17, 158, 147, 53, 5, 114, 243, 181, 38, 145, 209, 6, 0, 158, 9, 224, 246, 84, 18, 238, 252, 212, 23, 122, 1, 33, 147, 219, 5, 210, 16, 11, 14, 79, 180, 218, 25, 50, 127, 244, 7, 131, 193, 242, 252, 224, 236, 243, 253, 72, 30, 241, 7, 218, 13, 58, 3, 204, 178, 124, 11, 137, 28, 122, 10, 250, 178, 206, 25, 255, 127, 97, 8, 22, 210, 235, 249, 198, 219, 42, 252, 145, 40, 252, 0, 232, 239, 66, 0, 219, 183, 93, 9, 116, 14, 175, 9, 80, 85, 238, 11, 132, 138, 53, 4, 71, 169, 237, 252, 62, 246, 174, 21, 80, 55, 215, 4, 175, 13, 169, 236, 77, 229, 183, 15, 142, 9, 206, 2, 40, 85, 145, 12, 50, 140, 232, 3, 239, 163, 62, 250, 24, 0, 4, 23, 184, 25, 100, 0, 129, 32, 232, 239, 93, 217, 135, 14, 42, 13, 115, 11, 247, 239, 3, 7, 255, 127, 0, 0, 32, 178, 34, 36, 255, 127, 120, 0, 128, 54, 197, 223, 1, 128, 81, 6, 96, 1, 173, 4, 179, 249, 2, 252, 212, 241, 130, 6, 18, 124, 0, 0, 74, 181, 92, 38, 255, 127, 108, 0, 133, 42, 46, 229, 1, 128, 67, 9, 130, 0, 22, 19, 96, 32, 0, 1, 0, 12, 64, 0, 0, 0, 0, 0, 171, 170, 170, 63, 0, 0, 0, 0, 198, 209, 76, 59, 168, 226, 44, 62, 149, 128, 9, 55, 0, 0, 0, 0, 173, 158, 175, 62, 7, 107, 185, 62, 144, 81, 252, 54, 0, 0, 0, 0, 23, 167, 140, 189, 233, 172, 114, 61, 110, 251, 140, 54, 0, 0, 255, 63, 255, 127, 153, 153, 220, 18, 0, 0, 251, 245, 5, 10, 42, 104, 0, 0, 184, 34, 72, 221, 238, 118, 0, 0, 35, 33, 221, 222, 220, 18, 5, 10, 251, 37, 29, 12, 42, 104, 72, 221, 2, 128, 99, 210, 238, 118, 221, 222, 1, 128, 79, 218, 250, 78, 216, 4, 116, 252, 121, 245, 214, 151, 193, 237, 181, 28, 72, 6, 28, 176, 237, 240, 50, 58, 102, 253, 190, 69, 225, 213, 1, 128, 101, 21, 148, 168, 32, 25, 117, 52, 229, 255, 161, 216, 151, 245, 234, 206, 241, 235, 0, 4, 64, 0, 0, 0, 0, 0, 171, 170, 170, 63, 86, 14, 199, 61, 155, 131, 29, 190, 125, 179, 141, 190, 25, 46, 190, 54, 0, 0, 204, 140, 255, 191, 101, 230, 88, 198, 95, 16, 93, 39, 99, 249, 119, 247, 153, 253, 245, 192, 66, 245, 70, 171, 242, 247, 245, 249, 228, 33, 15, 191, 152, 22, 255, 127, 21, 255, 0, 24, 80, 0, 0, 0, 0, 0, 171, 170, 170, 63, 128, 158, 250, 57, 221, 243, 88, 189, 149, 125, 215, 60, 153, 90, 34, 54, 233, 3, 89, 191, 60, 198, 153, 61, 200, 71, 55, 188, 162, 48, 104, 54, 72, 32, 248, 62, 26, 150, 61, 188, 195, 140, 125, 60, 193, 204, 183, 53, 3, 214, 176, 187, 213, 174, 17, 190, 132, 186, 54, 188, 152, 91, 180, 54, 4, 72, 25, 60, 61, 83, 220, 61, 170, 33, 51, 61, 100, 105, 145, 54, 44, 19, 84, 61, 207, 44, 39, 188, 235, 44, 65, 188, 100, 179, 31, 53, 0, 0, 255, 31, 153, 89, 255, 127, 255, 191, 193, 124, 10, 0, 180, 255, 98, 0, 28, 62, 213, 202, 150, 168, 19, 237, 206, 140, 204, 76, 254, 127, 154, 25, 73, 95, 201, 255, 134, 1, 11, 254, 166, 215, 119, 0, 178, 254, 62, 2, 214, 60, 226, 18, 56, 35, 141, 2, 226, 124, 177, 0, 50, 3, 57, 255, 154, 158, 239, 221, 236, 25, 172, 8, 50, 115, 21, 46, 89, 209, 59, 241, 161, 94, 122, 252, 159, 253, 27, 246, 14, 217, 10, 4, 61, 1, 44, 12, 127, 117, 152, 4, 37, 238, 15, 234, 255, 127, 123, 255, 7, 5, 122, 244, 34, 159, 200, 5, 240, 30, 31, 6, 219, 99, 39, 246, 222, 221, 119, 241, 212, 78, 103, 249, 194, 231, 42, 253, 130, 234, 29, 8, 207, 39, 127, 251, 74, 82, 95, 241, 23, 221, 7, 231, 251, 120, 204, 236, 135, 231, 129, 214, 251, 201, 52, 10, 179, 226, 60, 25, 86, 41, 198, 231, 51, 242, 65, 236, 38, 45, 69, 251, 26, 39, 153, 232, 236, 21, 125, 248, 25, 178, 240, 5, 199, 7, 97, 214, 233, 171, 112, 0, 205, 35, 129, 214, 233, 133, 202, 255, 30, 208, 60, 25, 255, 127, 14, 248, 143, 239, 65, 236, 22, 206, 244, 8, 29, 56, 153, 232, 1, 128, 0, 0, 115, 198, 240, 5, 255, 127, 44, 237, 129, 138, 112, 0, 255, 127, 123, 255, 238, 238, 0, 0, 0, 0, 0, 0, 0, 0, 0, 0, 0, 0, 0, 0, 0, 0, 52, 216, 238, 61, 202, 222, 5, 61, 138, 209, 24, 189, 148, 239, 125, 63, 68, 109, 131, 60, 150, 187, 54, 60, 209, 60, 142, 62, 67, 223, 117, 63, 0, 0, 0, 128, 0, 0, 0, 128, 0, 0, 0, 128, 0, 0, 128, 63, 141, 131, 187, 61, 197, 229, 170, 189, 9, 171, 152, 189, 108, 79, 125, 63, 83, 148, 153, 61, 67, 185, 247, 60, 123, 70, 156, 188, 115, 29, 127, 63, 0, 0, 64, 192, 154, 153, 9, 193, 51, 51, 27, 193, 51, 51, 243, 63, 0, 0, 200, 66, 0, 0, 160, 192, 0, 0, 24, 193, 154, 153, 233, 192, 102, 102, 38, 64, 193, 2, 47, 193, 154, 153, 25, 193, 154, 153, 33, 193]
			ComponentFamilyPool[0001]
			TREE
			VariantGroupPool[0001]
			TREE
			MinTime[0013]
			0.0
			MaxTime[0013]
			1.33333337307
			LayerBindPool[0001]
			TREE
				LayerBind[0005]
				0
					Name[000b]
					Base
					ConnectionTemplate[000b]
					characters/biped/biped.ct
					AttachName[000b]
					
					ChannelName[000b]
					
					Flags[001b]
					0
					ClipDataNodeRef[001b]
					0
					ClipDataCommandBlockOffset[001b]
					0
	AssetPool[0001]
	TREE
		Asset[0005]
		0
			Name[000b]
			Root
			SubNetworkRef[001b]
			0
			SceneTreeNodeRef[001b]
			255
			AggregateCount[001b]
			0
	ExporterDate[000b]
	Jun  3 2015
	ExporterTime[000b]
	17:59:11
